4755
7291
26311
317
5706
32017
10144
15850
27579
28847
13631
27579
951
5389
18069
15850
3170
951
20288
28213
6340
951
23775
6657
32017
2853
6974
26311
32334
16167
1902
22190
12997
16801
8876
32334
15533
12997
28847
10461
16801
11729
9827
13948
12046
18386
27262
16801
22507
5706
21239
31700
32017
19971
18069
9193
2219
24409
16801
27262
24409
17118
29164
31700
22824
1585
7608
7925
3487
29164
23458
25677
31383
28213
22824
17118
15533
15533
16484
26311
13631
25360
20922
19654
12363
29164
14265
25994
14899
25360
26628
1902
11412
15216
11412
22824
19337
20288
3487
16167
8559
9510
29798
19020
19020
25360
29164
11412
25994
6974
5451
29164
13314
12363
26628
14899
10778
5072
18069
951
18386
31383
17752
2536
7608
7925
10144
18386
9510
25994
29481
21239
21239
6657
14582
21873
30115
26311
317
16484
4755
13314
7925
19020
4121
7291
6023
1268
15533
27262
23775
28847
317
24409
28847
13948
3170
21239
13631
22190
31066
8559
13314
1268
28847
13948
21873
22824
12997
12997
31383
4755
12046
6657
18069
12046
17752
12363
31066
6974
28847
17435
28530
14582
23141
22190
27896
317
32017
12046
30115
25677
8559
18386
27579
29164
31700
4755
9510
26628
23458
1902
25994
22190
9510
15850
24409
20288
1268
25677
30749
19654
24409
23141
27262
27896
8559
15850
25360
29164
10461
22190
15850
7608
23458
26311
744
9193
16801
23141
19020
12680
21239
31383
10144
6340
31700
22190
5706
4755
9827
14899
317
29798
26945
14265
22824
27579
15216
6340
28530
32017
8876
20288
28847
28213
14265
7925
30749
3487
8876
17435
19337
30432
30115
13631
7291
21556
31383
19337
19971
4755
18386
19654
32017
3487
17435
3170
4121
15216
18069
14582
21556
19020
4755
28213
16801
9827
6340
11412
1268
15850
25360
17435
15533
5706
14265
19654
29164
27579
29481
25677
25043
13631
30432
19654
26311
19654
4121
951
9510
29798
29798
28213
1902
21239
3170
12997
26945
14265
10461
27896
8876
1585
30749
8242
32334
6974
7608
29164
1585
28213
21239
19337
7291
23458
16167
14899
29481
3487
27896
7608
28213
10144
25043
14899
30749
19654
17435
30115
15216
31700
19020
19337
21556
30749
30749
31383
9193
2536
28530
12363
20922
3487
12363
6974
24409
16167
6720
16167
27262
11412
24092
29481
20605
22824
31700
5706
27579
7608
11412
29481
26945
14899
15850
27896
14265
6023
24092
3487
951
10778
29164
7608
32334
7925
15850
28847
1902
26628
1
32651
31066
32334
32651
32017
32017
31700
31066
31066
32651
32651
32651
31383
31700
32334
31383
31066
32334
31066
32651
31700
31700
32017
31066
31066
32017
32334
31066
32017
32651
32651
32017
32334
31700
32334
32334
31700
31700
31383
32334
31066
31383
31383
31383
32651
32334
32017
32651
31383
32334
32651
31066
32651
32017
32017
31700
31066
31066
31700
32651
32651
32334
31383
31066
32017
31066
31700
32334
31700
32651
31066
31066
32334
32334
31700
31066
31383
32017
9193
634
317
317
1
31066
29481
29481
24092
26311
22507
27896
22507
25994
23141
23458
30432
23458
27896
22824
23775
30432
26628
29164
31383
23141
25043
26945
28213
27262
29798
30749
27262
27896
22507
24092
22824
29798
30749
24092
27579
24726
23775
25360
28847
27262
24092
27262
25360
32017
24409
28530
28847
27579
29481
25043
29164
29798
25994
28847
25994
23141
31383
25994
32651
27579
23141
30115
29164
30432
24726
32017
22507
23458
28530
27896
23141
24092
30115
27262
27579
30749
31383
24726
26945
31700
24726
23141
32017
27896
26945
25677
25360
25677
25043
26628
25994
6657
6023
317
317
634
317
