7131
6989
-1206
23069
-557
3749
2497
9650
-9597
-8016
-4536
-7399
60579
8902
81849
95669
27569
-1826
35469
9359
52579
-662
55999
2070
-7920
6661
499
8429
1684
20229
80339
59879
-2833
-6448
-4248
-3864
7018
71519
4400
30939
71349
6817
-7328
5523
38189
329
43379
28919
9579
64819
53919
-5545
90639
74449
-6520
9402
88269
7918
98119
87529
93229
7808
3384
-4241
7100
-5161
-2148
72689
51549
49599
2131
33999
-1165
7099
11599
-2496
-4498
11579
7900
1996
4945
5913
2597
5544
28209
-3418
5019
-6769
-1531
7933
9574
32399
5262
-8355
5206
32679
15059
5146
-9550
700
93239
-138
57389
2262
53759
1787
4595
4871
77349
41279
-333
9138
21079
639
12679
13919
95689
988
62349
-406
19159
9655
12229
-9106
7368
20119
65359
-4536
5379
764
-2234
92229
87859
94269
64069
24589
27209
2103
6329
5309
52839
89109
74399
-5101
-1954
-7909
41649
-4177
71419
83749
-3643
1041
9242
-9401
-7010
68169
40369
8824
34029
65899
27549
-5593
-1181
97049
99689
54549
90849
-7924
3755
-8871
85879
6684
-6523
46509
32939
23069
4838
5439
7425
-8431
-3627
-9115
-2077
-2338
39119
-4304
4026
38089
66639
9020
35249
91759
4169
88009
-5720
5432
88699
8398
7962
-5041
84739
39269
38509
73689
5634
9260
51989
85879
-7352
63779
39539
22399
46229
92239
34089
-7207
1680
88109
7940
6299
-3016
55229
-5818
2899
49879
-9056
-5715
97569
24709
90359
-7289
84369
-8649
37099
45789
74819
77059
1349
42509
68169
8619
40279
94549
84289
826
2229
4149
47669
-5179
-4634
54659
6925
32519
73819
9763
56179
33659
43499
86509
15049
-3041
53819
17229
495
-7893
22109
-3708
1819
8989
8197
45599
-1655
91199
1719
84899
15409
6169
9867
7705
12799
4516
-6499
5168
3599
4159
50799
26719
29829
81779
38439
29799
34
33619
2012
43549
97409
81419
58489
33849
79629
-4058
20789
58359
29899
-320
-1443
93779
-4678
15129
81589
72439
8369
-7472
-3492
93349
26259
5796
58449
3465
8260
153
2945
51529
64749
84859
91539
-4000
904
-7966
-7696
26289
95159
4141
6067
-9650
1453
17019
13659
-5585
96049
23099
-2378
83729
7271
5989
430
75049
39439
-7203
5725
-8878
55059
84649
33289
-4912
50489
64389
-4347
8816
82119
2659
81059
-7415
25119
3701
12519
1367
-9353
70949
-2778
33499
-4008
8800
-3960
-8667
-5039
5292
6863
2759
-3396
943
89669
2013
-235
94179
-2373
-1032
3195
8131
-3810
49859
9189
95029
-451
88069
-6178
60629
22019
8239
-1322
8733
11049
37439
-9024
1705
77469
27819
3975
24369
11469
83559
54969
9919
3350
57059
43349
-6555
-816
3013
13279
10029
5581
79889
1289
59159
5973
-1089
21079
3900
25939
5833
3387
6151
-6755
38249
23559
29639
36819
81819
405
-6111
-1352
18109
6696
-6333
8806
5784
-5874
18239
2230
12949
74689
88069
97639
25019
40319
8509
-6259
6456
8965
1690
88269
5570
8888
-162
1008
20229
-7380
-4591
-8519
-9261
83779
95699
6506
7089
-7401
-5920
84909
10639
9959
66489
3119
-8038
3296
984
5854
7560
-4019
9255
8445
61169
-5517
85939
1448
-3569
-5991
59369
57919
20639
58939
-6966
-285
71569
93659
4849
4659
70839
7132
-1593
7149
7231
23619
93629
-6459
-7622
-1237
51149
7043
703
-4147
14479
1151
87669
24079
32309
65219
418
8562
-6083
-5220
5209
52539
9869
50489
-2607
2100
57549
6019
-5377
73209
89279
25169
-6819
30329
88079
11439
-7945
34699
17169
-1222
6655
467
6026
-488
72489
-4887
-5840
-1315
-4441
7105
-5485
-9251
69109
-321
260
4992
-2009
2379
-9822
3247
86759
3940
18399
4826
73299
80569
4194
1253
-2079
9341
-1309
73269
18049
7689
19149
-7558
-6360
66679
2898
1880
454
6656
45679
49339
23029
11599
80899
50199
13389
2469
4565
-2792
9299
-1876
4666
84779
5044
83409
5826
846
37119
-8187
3504
84059
54569
69539
61859
63249
-5986
-8536
-4753
65509
-6440
76869
7180
16199
6914
8021
12599
99989
-8552
70679
6601
7159
88759
98159
-8939
765
6252
-7730
-1838
6158
-4377
10029
293
97929
6801
67309
1569
58699
65569
-2354
-2852
47319
1416
87559
-4193
7526
35989
3740
96119
37699
46029
26179
-3409
2495
-4601
30359
-4987
90799
6897
84449
38949
-6912
9760
23419
96289
3062
58369
54149
8349
-3240
22999
-3678
27139
88859
63079
-5363
79299
-8764
-5927
40329
3299
3399
25119
19959
5000
52979
2063
10859
8194
38789
66549
59219
-6417
48389
75369
1008
5079
-7268
1189
18219
83689
24229
3231
-5154
11469
6310
87349
5881
17359
-2837
52979
71629
-5060
-3282
-4933
1971
8721
1919
6297
-9167
30829
-1743
38939
47249
10679
18359
990
12379
170
45179
19
2616
-9149
-223
3971
66059
90469
6075
87579
8410
8793
30079
5491
52399
4536
-9578
8354
4129
41069
-17
3583
-8235
22719
-217
16919
98149
-8431
60979
55449
40269
49869
1832
3607
61219
3191
-3392
2606
96509
3838
70969
-9082
9732
8939
8457
-8846
98129
99019
-3396
-3779
6042
41329
84979
69539
9099
12209
92279
-4444
3517
-7580
96339
-2421
80249
5398
-9596
8605
-6999
-4813
81229
94789
4443
75569
43249
6949
945
34549
9454
-2366
10259
23509
4039
7838
87459
95839
1392
-6663
10359
-1178
99779
80529
6943
-6172
-3918
-1217
80609
5179
95099
-9883
9347
7368
3901
1211
85789
64319
-3873
-2736
-357
19149
3199
8199
92359
16839
-8494
77589
75199
32259
2137
29279
36749
84369
10599
12059
4753
1169
-1130
3806
9030
56469
76429
7390
5679
4141
1182
3414
8465
3854
83059
8137
24099
66909
50239
75749
8606
-3678
-9464
5039
5009
450
-3847
-4071
-8921
-5962
88759
68799
-9890
56909
-8008
39999
88579
50539
19339
-5941
49419
27989
45209
78399
85609
36569
6499
9249
72469
44129
97569
5308
32779
34009
1797
7854
5479
69739
-7771
-4482
94329
-7169
-5882
3387
-960
87769
63399
12849
-520
-968
-803
-7052
-4091
90559
91409
-947
2086
48279
67929
89189
-8344
-2736
9944
73879
54279
-3776
79839
7067
5533
3637
71689
-2065
3541
-9597
66169
96039
3582
21659
57779
10869
-1441
6752
4229
57229
34429
8915
6851
2415
99829
7516
40689
502
67309
-3468
87539
26759
73879
67749
99619
-859
19759
68119
-6946
27869
-769
-4113
-8006
-6560
70569
7387
-171
-6137
9798
2354
81979
88579
7400
-2823
-4365
8389
8662
68839
79189
57899
-6373
6689
95969
-5513
9499
-1332
-1722
7749
96549
70
87999
5317
98689
7119
-5692
-860
86239
55129
4069
46719
-859
4433
-4228
-2583
-1532
592
-9841
54479
44139
46489
-5943
99099
-4868
5640
-8509
73329
38269
41979
85589
63389
-103
25059
49219
7024
78539
7238
77079
-3651
98069
12419
70789
9040
6262
17069
51469
4882
77849
59469
67229
3456
-2593
63399
60019
73559
77779
-5301
960
3987
60249
57719
-9155
-9564
-9565
-9748
69399
7518
7389
66929
86379
2624
93539
84749
-7297
-8893
-5819
52329
-7337
6633
27449
46699
-755
-6127
25479
39729
2044
63449
-9025
66069
23219
73359
-9156
30999
43789
4805
-1801
537
35809
96
5481
1409
3601
-8753
36559
6998
81229
7224
3608
-478
-940
52039
6299
8108
-1048
-8436
37919
6726
59469
5619
-7209
24619
9150
-3638
-3611
-6496
3299
63229
46609
4503
39739
1099
5732
69049
85379
-7785
75199
-3455
-8444
31379
-5838
73849
30839
51729
-6031
-7635
-3738
4716
-7126
52749
-7660
-858
99119
2279
39629
-3477
2564
-4834
-9011
-7539
64089
35519
2544
-4563
4679
2518
35159
59979
-6332
-4190
92749
-9906
-6091
76229
51099
5849
-4408
-7463
-2736
46149
70279
-2750
8498
-2425
-7355
3599
857
-4867
4847
5918
4285
6900
57209
25449
-9569
4001
-9601
2480
24
68449
74689
25919
65379
4920
64379
3790
68269
-3723
62049
-3064
1412
58849
21799
7114
12179
-4445
4117
-2020
92209
9241
43429
-9856
-6027
30389
39009
33789
-1426
21289
19109
73879
-4212
6584
6009
9287
9439
37559
36709
31039
10229
5211
89899
93319
29129
68749
-9965
-1935
-8233
25449
-3994
-8183
30659
-2398
-5466
96649
34389
-3955
6459
45679
684
7699
-9419
3771
52229
26469
7923
1051
75819
-4215
15269
-5888
12529
-6857
-4745
82989
3575
9199
14559
-3519
76899
32309
26459
75569
-2291
72029
3372
1509
-226
27619
37869
37699
6523
-1143
23469
4889
38399
82959
30889
-5292
2107
46929
33609
80839
-7177
-3182
5015
8884
58469
1061
91879
42459
3575
-9649
5799
-2522
96459
32909
-4651
8419
4659
75079
4671
-1362
-4127
79089
66519
26589
20729
5733
89049
97389
46509
-5434
2647
31559
-8700
27889
1597
65529
93129
91799
-9285
54729
91709
-2885
49919
4752
2770
22109
-4622
62679
41539
64759
71029
14809
94919
72589
29039
36789
75959
2054
45849
37479
21439
4812
60569
8329
5179
-7976
-1035
6825
6026
7138
-5221
15409
-7156
87699
-309
4007
7431
61389
79599
51679
37119
3743
49219
-9890
729
5761
9944
27149
7119
3800
-8670
3985
48739
-5570
16089
6472
97609
91619
5351
87499
68399
9739
83289
-6523
90209
-2983
5806
89849
7761
55059
-9170
-9941
-5272
-2773
53199
955
5145
-3126
-7126
67409
-6304
64619
81789
90819
89459
1777
-5240
20159
36839
88469
88099
44329
80969
-2440
4896
40569
67029
361
18409
-7911
11349
64039
40049
-6760
37069
-1968
10099
54679
-6065
54489
42699
-6218
19859
73479
54059
-6483
25499
6353
4716
11479
8362
29819
53479
28419
-408
-2890
4260
2369
87899
62749
2919
-3446
91179
-6391
50639
81089
-7210
2346
26719
21619
-839
89789
8324
63099
6859
73429
-9146
-5319
6660
39189
8994
3813
19789
78359
-2557
81379
9556
1365
93859
27039
13569
5769
1449
6437
18139
84879
2293
58559
-6390
44779
78989
5153
84919
85909
6950
-4798
36389
-4584
19999
-1665
32099
-633
2738
-6542
28679
89039
57729
58659
98569
-4698
-8171
38429
13099
5244
82249
78399
-908
60389
7149
98839
6261
28539
69549
2343
67649
-6780
-8302
42529
-2683
713
83569
57669
62149
88469
41749
60509
7765
85439
49219
-2191
9474
-8934
7734
91089
35499
-1539
7192
2571
29539
-545
-4014
4949
1788
9105
1713
74629
47819
58369
59599
-9661
47059
427
-8153
-6846
-3924
70359
11669
67489
9086
65689
87209
73149
98879
7333
40129
6450
-2934
-3360
-8080
2991
74369
5341
590
17699
464
8640
59579
57649
9740
9459
5534
2367
7287
36859
3844
1009
826
-9896
4247
98089
-4704
69179
4756
26739
82999
94879
-9852
2386
-2064
-2143
54339
-2495
94859
5265
1589
5229
19719
78779
67389
79939
83639
18529
753
3563
7356
11429
4220
2902
-5094
97249
74299
15069
32279
7637
5801
4158
35189
3681
59589
21039
21419
-176
-2735
81599
30639
40469
617
43219
-8034
-9873
55829
-5277
6862
57769
18429
-7702
78379
7784
77579
90659
35659
2279
5566
-1004
7563
65319
76729
-5873
18269
7184
93609
4879
56209
93159
5488
79409
90969
-2243
41149
79129
2805
10899
83029
8256
4339
76789
47129
3133
-9124
1039
26419
67799
-9238
62719
74339
92529
9819
77579
-3606
-1881
1739
-1084
5062
-987
4674
8309
424
7254
3393
87859
-3089
-259
46929
6925
-6023
99569
5779
66779
7811
7987
6375
24279
38799
48879
27859
14629
96879
-8875
-7314
67079
6676
31529
-5233
32869
528
18139
-9510
-2826
70019
4302
-5016
2849
10239
33859
6136
-4503
-3299
53069
61509
71309
5598
-1739
26909
3819
95019
3108
-9503
75239
-1147
7578
59409
80209
8779
-9624
15489
25179
72359
620
14139
4830
4558
78799
80639
3716
-6977
9508
-8067
-288
49659
5503
89519
63379
2739
27689
40479
17949
-980
9693
93579
3396
-5694
34159
61049
31469
9183
427
6239
60529
5322
6720
44759
1703
1481
58799
79119
77399
-5210
59369
2136
1212
32799
96069
34159
-6296
65519
-4050
-9775
-3201
6203
-6940
45939
18019
49409
68379
-3157
2007
3376
1592
58869
9491
5462
42799
7862
4909
956
7541
25189
69259
66599
7452
-4935
-4327
8359
86709
8419
12209
84329
-4900
74359
38779
94369
-5915
80519
734
-8231
-4421
-7863
39859
96599
98819
9423
6904
96569
-2225
-3640
-9266
27929
6512
34939
3036
14789
72909
3217
6388
12729
44799
-1238
-3079
9358
-5784
-9741
-7139
5867
30789
-4210
58019
3709
72699
-7103
-6102
4202
30619
60079
6375
86729
79939
2607
10929
6775
9126
10589
-696
5349
-9834
5813
1200
24079
16269
8178
3405
55629
4136
6088
98329
40829
-3154
53879
23419
-3364
56819
-375
-7064
62959
4189
36379
-7255
3909
26539
-5228
81869
1137
5661
2469
-9384
85609
1849
5293
84029
-3826
4569
7689
3444
-5447
712
54759
-6238
4459
34119
80049
-7394
88529
54699
-7965
22199
84019
2393
1647
77059
1554
8586
-9634
56089
15049
-3650
7905
1986
89929
56519
9309
5060
77569
11349
42559
51499
52449
99569
-3136
-5494
7509
98349
54619
-3299
-1708
-5081
66489
11609
3705
52649
7992
-7998
-7169
-2382
99559
13949
1943
79879
-6076
-2549
77949
75479
9595
11319
88699
5635
24309
2207
244
6001
3554
55429
22769
98599
-9405
10279
5629
-8366
27749
50689
1455
2331
-9627
8098
60719
28419
79119
-5164
-7911
45369
77029
2708
6053
6301
3094
75769
-1951
18009
13519
22709
-523
43159
36279
31439
46979
5117
-7265
95259
57839
-554
-8946
4619
25929
72589
5101
-5894
24269
-2379
39979
-4247
241
-3835
84489
58659
75999
-4157
80249
1425
26699
91269
-1279
-6459
80449
47119
-1803
5169
-266
18179
7362
38089
23739
3721
4767
6909
69619
-9051
9101
52289
48859
39549
28399
4249
61889
6667
31579
542
31739
-5066
54289
9759
4939
83489
15839
55389
5339
39259
23499
37279
83439
6593
77709
25279
-9186
45089
13219
8977
-5937
7443
5709
21289
-2687
18309
2822
13939
-6707
-8183
65879
7959
36149
14289
6030
19199
89209
41629
25679
-3512
7749
1162
4741
-3092
8397
54009
77089
-9501
-4958
-6758
56509
2548
-2718
-4139
9921
41279
6118
-7769
51899
90609
7071
9309
79519
57369
3663
87279
-4962
-2964
4339
67939
44739
54389
3869
1454
8030
78779
65539
5129
47909
-7101
-4889
6682
2789
8020
57669
37169
88509
-8232
2260
-2089
9345
-253
65089
57849
3479
71359
82719
68319
3670
6147
6676
-5954
48659
-1373
84749
7112
-5171
32549
9115
10329
67219
-848
32709
28799
57769
92609
50649
-756
2029
-3940
-4465
2713
4955
-5338
88369
25759
6883
-6922
46319
31279
41689
70089
6289
6510
-8384
67869
-5984
99619
5717
48699
-3965
7027
-8920
42909
-5350
17729
13409
-4283
50719
4814
1368
-2989
-18
-4046
9839
-5442
80049
15819
78079
-3514
61939
30419
-4053
38979
-498
2758
79139
-2325
57129
47359
8019
3715
-58
-9180
45209
-9622
59509
63049
77019
6234
36529
5303
-6543
-773
7718
511
17739
96939
22339
9041
77649
7162
39659
12259
87309
12929
67739
9534
-2265
-6549
10829
96649
10939
-4304
29709
-2999
59739
5719
-6401
-747
38179
64669
45779
1356
-8483
7989
-6636
-4429
1160
88479
39989
4339
5844
-7204
-4625
6510
72789
80879
-5832
46749
89419
14459
96199
5375
-7738
7367
13259
1272
-7060
36439
54419
7208
-9007
49379
8695
-2392
62819
56379
1892
-63
87579
25059
37999
91499
-7249
5404
70959
2042
68049
26449
27949
4442
12029
49289
9580
95909
81909
27699
24939
7442
-2553
48069
27629
35349
7164
85089
51929
29289
8561
9665
-2037
10459
16159
1486
-6940
-4683
87259
92369
-2214
-7632
29119
-8131
15489
6996
5979
66049
51769
5068
6100
31979
90149
92219
4123
53879
6749
1329
15459
98879
17379
2770
66029
-2636
-3453
2675
3069
34109
2286
-6066
-2547
74519
-6946
-1792
-2027
71689
1721
-414
26499
57529
91299
1839
-8563
-5241
87509
9709
8945
734
55419
83969
-9807
1588
2348
84349
186
75609
25009
49409
60489
10239
36699
10969
48959
9145
-3037
9698
-8253
35599
-4265
4187
3215
70319
413
49089
10819
-3731
-4070
16099
12789
72679
5858
-9404
-9361
26949
-4928
1678
8177
39719
47179
20209
89189
90609
-2656
-3786
-562
78479
-458
4139
3257
70619
28489
-9550
-5914
12799
87819
1989
95199
9242
-1025
19629
-3806
19929
-2980
8886
86739
81589
74429
17609
63359
22809
-9584
62539
21829
6007
3076
8137
42669
85819
9199
33799
19209
8169
78559
-3850
10689
3350
-7311
39819
62969
-2690
5119
7899
1045
83139
-9048
6043
49099
5669
3880
52609
7936
73249
3325
-1235
9736
2432
94099
-2841
83449
6609
8709
-6816
-1349
32889
19619
39679
2569
3639
72909
-2889
6459
98379
-5093
5636
2800
-6180
7359
45579
63379
79269
-8024
5669
30139
38359
6294
81139
31089
94699
34449
35789
12219
-2715
-9217
5957
87909
84039
412
-2261
13399
80099
1760
1274
5329
-9463
58849
-3540
21479
8891
-4782
27339
-6996
32929
-1336
62399
17259
83809
18189
1138
83119
85499
60499
-8510
4021
28689
5981
1476
9011
37929
9124
40
67729
66339
3391
-9906
21519
1926
36349
-9139
9489
42079
4923
7662
-5412
89589
-9733
6872
2178
7516
73019
84459
-8170
3990
96279
30049
7252
7583
69719
813
2694
4738
38189
41169
88149
-1363
37359
26239
8409
31609
76459
25469
7279
8323
60049
15529
31809
9610
5640
95139
32099
-2127
-6550
62299
15669
452
4322
95109
-4454
7779
-4892
5243
7559
5752
6887
-5197
86019
-3693
-6490
9107
8559
41079
79009
60999
98419
13139
-1944
59469
33489
71389
-4372
43609
36709
-7915
-8012
21729
94019
82
-481
-3867
40609
3999
20379
4506
-6178
-4516
787
316
-7755
1119
30379
5902
8682
-1680
1022
65709
66739
-9554
6764
83789
5061
8496
-9023
6820
83039
4179
4886
35629
-2931
10679
35219
24999
1065
6571
91959
42709
8314
3791
-1768
88799
5957
24209
-8810
-8796
-302
9748
91529
-6670
38789
40619
1511
51619
-5221
12399
-9033
2719
60249
52429
6899
32639
63479
5259
59989
14579
-5188
96059
7859
-1987
-8063
85399
-6813
-5147
-1254
96979
6029
40249
2934
-8049
18949
-1458
83279
15159
969
-695
-8003
-6499
43179
-7920
-5842
54889
-6923
77119
9629
61789
6850
92629
26849
79109
4343
52589
27839
-3823
68719
-7922
73519
5390
8559
-4548
623
6903
66059
-8432
62169
65389
74
12009
65819
64359
-3970
65669
-4786
5541
-2742
3903
22379
-3826
27639
5469
-6383
76349
2044
92909
63899
98899
27069
-2335
85639
4155
62799
74879
2654
40949
341
99629
4383
1689
93699
2299
15609
25899
17519
48889
14979
55239
-6394
-435
4264
40399
-6715
166
42689
99219
-4741
5012
79979
73209
-833
567
48619
9178
803
75879
66089
-5117
82139
-9497
80779
8139
5723
1489
71029
72719
48749
2653
90529
83619
-2859
29559
-726
3520
5939
4373
24029
-9110
2802
-3335
-1421
-4529
-3118
4965
24999
-2429
51829
5199
51899
44179
72489
2149
2017
23859
89609
2814
45879
-2766
-8136
-8589
3427
15819
-5116
87759
52519
16999
25169
97679
9191
4409
6464
-3240
11829
58169
19279
602
48029
-8623
471
4328
56659
65359
38379
8812
5748
3761
30909
-1619
9708
65049
51769
50449
97819
8521
42789
4400
68799
8297
-3800
-7922
6609
45059
48339
6718
5194
8594
3893
-6698
36349
-1443
22049
18459
12749
-2275
8419
25849
27329
-9106
8088
8545
27929
-889
92499
-9346
2961
-5313
3101
6957
-4696
84259
84139
-6583
62329
15279
-9094
34769
-9150
-3476
-5086
2595
17709
80569
3341
-2698
53819
80659
13069
8556
-638
95419
62869
31529
77859
38309
16209
42809
76819
7299
35909
39139
1799
5577
-2427
1804
23679
-7722
22479
-2441
4157
25729
47619
63089
19149
40739
72579
83339
-80
19669
-7945
53059
-7118
7321
54739
76659
34799
-374
-9219
-6820
9603
81209
-8763
7672
-8869
-780
3462
45509
5313
99889
87769
-6843
3409
5229
5666
-2469
8781
-801
4417
93019
89169
-5244
69439
4372
1076
8180
47979
9694
90499
8109
68
2114
99489
41159
75159
52849
-8646
-9605
1224
-1935
-8060
57059
-2588
5438
5834
11999
85009
68049
-7546
6433
-4617
20509
99249
-1023
24209
-7513
19159
3289
33549
-8024
4416
5796
62609
12729
83219
2538
-4063
2819
65039
23319
9010
42799
93949
3659
-4295
92749
92819
54209
76779
46389
3511
-1239
-9255
-826
-7360
-9148
74129
14489
-8552
-3449
53029
87469
6130
-6033
3395
53129
-6402
62479
27829
-1821
8479
-2088
44079
43029
24039
64229
1425
83329
97729
97289
-9947
36589
-1000
-7518
96109
6115
-1122
84359
5615
-2955
-1758
434
-5089
2966
-7838
5739
64929
25019
43649
3723
-8127
30739
26759
76049
-3039
18249
-3833
92239
89119
54819
3576
1718
21559
2416
7730
9286
63439
2526
33119
63489
5604
6129
3166
4949
95859
9669
1495
14179
3299
8555
8086
9063
55339
73489
575
34569
38179
137
38299
-8200
2249
8134
7348
5931
76769
15609
2876
21539
741
47929
4172
70809
2821
3234
-1094
93719
44039
-8854
-7708
-4753
1639
-9245
6324
44739
4529
-3087
35159
63949
6340
95279
4859
2963
2787
65139
26129
17379
7575
8961
-3943
12669
-6357
-650
6079
14389
70479
89099
538
19649
38639
-444
-6181
82249
30769
4496
3219
-6027
-918
-4248
-1988
1443
9735
42029
-6991
-9385
64369
39729
10059
8609
53259
-5474
-6502
4914
-6948
22879
4118
-9371
1936
55569
-378
32409
7177
11959
99649
87109
54189
31359
1895
5224
7534
-7092
23479
73199
3530
-6923
77969
-2169
59639
-2371
-5758
41769
5849
-8812
6209
59549
79169
35189
34569
76639
63919
-6882
31829
9070
71259
83199
64449
42169
7009
48669
-9738
60319
58849
25479
-9287
92839
-7823
-667
-4041
-9216
52999
16859
93979
36999
-8121
67559
-1282
3057
27159
9954
8326
9356
28909
27
49539
49799
64799
5469
91239
24469
48529
70479
9967
2554
73469
8199
77569
21759
29399
-2133
3474
40879
94729
29239
-2434
43899
75019
66169
29609
9578
29519
-3603
5169
6730
41429
42829
5158
72169
48889
68269
44869
4825
95669
89379
7509
47829
52899
-4633
28879
93309
-9666
-7584
-6719
60219
6437
-6572
1024
-699
3210
8760
-1838
30359
4444
50909
3417
32969
-5373
19979
9601
-4600
15269
9599
-6176
8183
54189
49569
5390
-5603
30619
5618
56449
4461
-6922
693
5769
2419
33009
5887
20669
39549
34899
-6442
75709
11979
5275
-6405
4929
2896
-4055
24239
70219
5423
5652
63859
33359
89099
12219
1220
-7766
23849
2391
-5163
39699
85169
29199
80289
62029
73179
5986
-2237
82239
2045
70029
-251
23499
33749
71389
1718
6363
15129
80039
29809
72419
2834
18929
48719
27729
232
-7337
2066
3533
27009
9365
3152
27989
-6343
-82
7642
79849
-9822
31419
-2588
5799
6483
21209
-2867
-429
6813
39759
61579
7999
-8214
74999
2377
550
87009
24759
30319
7291
27409
-7981
69629
76639
-5457
-1983
29139
60009
-2526
4904
68509
40189
32199
393
31809
-2064
3676
-5827
-9128
-4409
58499
-2964
11799
96939
85689
87419
58049
52299
-3118
-1070
83569
9474
-5916
2885
67909
5236
2278
48179
62279
28279
24759
1039
47439
77199
48179
4341
63379
76179
28869
97109
101
46199
14309
59889
19219
91449
-489
63909
5869
-8524
17739
48989
27959
4679
64839
-731
7453
-528
54239
2791
6717
-9939
61069
67049
71659
28299
85959
-1351
1381
-8519
80369
-8698
30909
60849
50689
-1625
-1324
21759
54229
5144
66509
3149
48589
-4421
15009
8199
48019
-3869
31689
9164
30019
-7398
97889
68389
-3104
5735
-7996
-4389
52789
5570
43539
-9603
-5356
7808
87349
38069
33119
2694
90949
64639
4587
-8077
4549
3939
-4921
89439
34949
58889
8838
98749
31679
-4253
93209
51449
-5029
23169
38279
-1667
-3794
-5520
39599
24229
76129
-2034
-4445
48759
9012
-6426
-2426
-722
4696
67059
6259
57559
-9443
718
74859
-5117
7234
-3192
15479
86249
-1994
61479
93109
44269
-8863
95949
66639
41379
95179
1853
24379
373
66379
34569
81569
6573
16539
-7754
-5866
3035
-9126
3449
71279
6569
10469
2248
64939
20479
51729
1348
2583
48269
56369
4488
42119
73619
-4437
99439
-848
90479
3053
37469
89009
84689
-3062
-2166
17039
-6473
4299
3072
-5353
3206
97789
63529
24779
73939
32139
4699
4164
28189
1775
55619
32459
-4867
87119
88049
470
7599
5744
9919
68239
64059
74829
1338
2090
82329
-6128
14399
12299
-8496
66119
91569
64379
6177
3053
48989
-8309
96729
5826
6261
-9673
13189
26279
87109
-2317
-3416
6137
66479
4039
24839
46239
9441
64119
-6537
-6341
89999
63949
6917
97569
37399
96689
1817
35309
9373
4239
59959
6669
1479
67939
5358
-154
-9986
5149
44849
-7764
13079
-1190
14919
705
3696
-5618
49339
-881
3201
49119
56509
3130
7183
45369
1992
66069
66319
-572
76529
85489
15019
-8979
8864
5588
32909
8781
91209
38689
-650
64769
49609
6877
-3076
406
-285
8822
27929
67439
6058
37949
97939
59199
24529
6688
1431
-1721
-1146
80229
75539
-8227
555
47389
8763
59209
4294
29979
2659
-3087
97729
-6217
64149
3592
-7157
-8277
7371
55699
-7944
16579
-9093
3737
63239
45419
87629
35769
70679
8331
4380
20939
2649
-7441
-1245
61749
-3128
-6932
-7523
19399
27659
-7388
-8406
52249
18489
1310
78479
-6384
-5301
-8188
57679
4694
-6148
96039
1314
-7356
59979
-7413
34049
217
83709
-951
25619
60289
-2277
5391
4299
28029
667
3731
-4265
958
62319
6457
-4814
75419
36629
71099
37329
16379
66869
97509
-8037
47779
-3128
-2300
-4182
42089
2758
-4090
-6764
430
2435
97289
15779
95559
31609
37549
-7121
-5878
-7512
-1174
83079
-6936
914
92979
67459
79479
45429
-2115
56139
70269
-8460
96959
2951
53629
21619
36789
61939
7007
49389
-1188
-2348
2088
-3801
7947
9526
72429
-6106
6247
-2975
4396
1413
-8175
-3590
79669
98569
9831
-1027
90299
4519
15239
6935
37099
91659
21559
8569
-5472
8673
-2611
30439
6030
87069
79169
20109
-7011
75419
-2146
9229
-471
29629
3931
2040
8755
99249
84959
59969
-8266
2320
-8452
2959
-5776
90109
59819
80449
3498
135
29489
65959
4301
-2819
2263
89709
3495
5913
5377
-8790
26129
-2729
8613
2232
204
95069
697
-8532
31579
2483
4119
597
38059
61789
-7372
-5802
90689
35959
99789
28829
5165
7319
40079
73099
9746
89789
79319
53559
-6118
7119
-6158
85879
-3529
6321
7252
12979
9248
-5359
9255
-254
-1879
43429
-6018
26879
79589
-6461
20469
-7598
6533
4861
3299
1059
47499
51369
72629
6159
-4490
27729
8870
1593
7321
72839
7489
54139
-667
-7195
96809
-4037
75199
36389
12329
35049
67319
8348
-3019
-242
-4935
-5358
-4059
5120
11049
-8110
6
7136
3940
-1272
37879
91069
70639
99069
8839
66459
8015
70089
95239
-2914
1939
7099
5303
8122
353
9050
113
93189
34899
19129
-4303
73009
3600
84039
25049
-3654
3938
88759
61179
43209
89139
47319
-2157
5016
97099
3614
7852
2751
26009
6119
-8616
86739
44989
-984
-1395
89609
60059
40749
-2502
9758
3647
59909
-1255
-8491
3072
7987
25219
113
5928
-2938
88219
-4825
9019
15659
294
7241
22809
43859
-2835
7029
74149
65379
83599
1179
3114
-3930
66809
-1707
37399
32819
-5768
-9181
-5634
840
66429
107
1333
7999
-5238
65939
-1795
3970
6443
75969
2222
7570
7529
79479
8844
2216
1561
75259
8240
-60
8485
7856
2671
81389
6368
50339
69009
99779
6198
99819
94659
5621
35959
-8394
-5736
4747
-7143
99339
20509
9709
-1033
8569
-6377
-3020
1917
200
9632
1049
99449
-7750
98659
7030
23489
-1167
66499
5246
7270
97239
79319
90689
46549
83479
9988
67099
37469
8515
2274
84969
-9707
356
34199
9489
-8134
61839
38099
-9165
-405
-4498
18109
94349
-2424
40459
27499
74269
-9307
-6452
46899
5559
32029
-9317
17439
47119
9729
-2418
8772
4090
6169
53049
-4726
12709
78699
96669
8283
69759
76419
56339
-7728
-9481
87469
30299
78089
71239
88459
67359
38479
-9646
34939
-2804
4237
-2863
21449
58419
4167
-6703
-3250
-5129
-7206
37109
4372
-8294
2254
27769
99489
3956
22849
35389
311
-4737
-8944
50019
1775
32889
11249
7576
-6481
-2657
1334
3550
83259
3198
4265
7767
4307
44029
-842
-5648
-8725
3706
-9094
20689
73209
20279
77589
99479
51849
65829
-5295
48789
-8425
35599
43429
-3930
61289
4859
68589
4136
3808
-9589
5425
11199
1543
-5398
88809
56509
41629
4281
8350
-2138
68569
9464
-902
18039
2473
74039
-6252
6518
-8945
8336
-3019
66939
6407
3385
8628
61249
181
-5289
74819
7149
1468
69169
-2017
37739
-1179
7019
56779
3900
3685
2751
61819
-6534
-2748
12899
1773
-8965
8858
-9123
91809
1927
5775
55569
-717
69909
39909
62789
6769
6631
89899
3239
5789
65599
76349
7078
7909
28589
5493
-5666
8649
36549
-9388
34999
53269
49849
-9260
20869
40699
23409
44389
-1697
24099
43719
8958
-3756
23319
3183
9056
-4206
5468
-9754
-9438
44249
-4383
1999
6948
1650
20489
79339
-3471
42349
2851
-9814
41859
-6467
7266
4196
81899
7378
-9942
-107
69369
40259
5791
4300
2396
54639
9361
79439
-4228
26859
29179
-4578
91519
89729
65689
2950
71079
42689
-1008
25179
98079
23209
3446
76289
93719
7649
8069
39229
767
92749
15429
50289
7798
-9215
15709
26199
28219
-8644
3316
8538
8924
74269
-6387
53669
-9812
71609
68079
32789
2659
21079
-2934
6733
24939
-8716
79729
30349
8147
-817
4429
-2005
-5699
71139
86619
4768
41069
7518
5515
53769
25829
2480
8858
62309
-5978
-6798
3585
58299
-663
6196
96899
35569
-5959
-6941
-5189
4761
1080
60919
-507
87539
-6088
1419
53139
3157
93419
42359
51539
70609
36919
928
48609
37589
-9187
14229
-549
17259
81999
868
-4355
-1035
7602
71179
7973
528
76449
-7933
46639
34639
94129
86749
-7680
91649
-7811
-9883
5148
56819
73129
9492
55909
-86
-4663
-8494
93769
96219
-3770
69879
3639
9946
85029
-9954
-1734
75369
-5289
-8107
-2430
55099
-4872
-6666
7545
2095
-1407
3492
961
65509
3491
4921
-1183
59249
-92
482
1219
49249
43039
63449
21809
7944
92029
-7614
-4965
5065
5305
-8991
82729
36059
9639
97969
4209
746
10429
4848
8453
-3660
2698
58589
-8453
90139
71889
89119
66109
54349
-9715
43439
4106
54929
-4658
125
9466
-9943
58319
-8993
5657
-7125
2469
-5943
8511
91349
3766
2960
-8613
7320
9534
8189
23389
86689
36189
-2779
70239
25619
14429
91069
84819
5249
68149
7309
73559
53059
-5008
37339
86039
81129
24139
40789
93209
2359
-4858
3540
78559
21149
89389
-4410
14699
-8080
5405
82939
-2871
7274
43739
-1694
79679
6144
67429
-3117
8928
-6399
46329
-3889
20869
-4539
71489
3733
95489
8388
-5943
3291
93929
-2041
73329
94199
7345
8985
92719
-9735
-4921
53219
-6260
-2730
45389
949
36389
90969
-6138
3920
28429
79949
-127
-7401
5003
17459
-942
68199
6125
91279
-5225
8537
-9445
3964
75049
7579
34169
91789
38999
94989
40029
7553
46029
64739
54379
49389
-6596
94989
-6360
71539
25009
-7262
15659
1336
7537
-2610
1178
-8028
12279
60419
6719
-2761
65049
5504
1498
61659
5779
21299
5886
6910
133
-2939
94199
35969
-6967
-8530
-303
5281
65819
-4369
4159
76949
63809
64029
47999
94189
58849
-5854
10609
6063
37539
49669
16109
5013
21159
78439
19409
-8339
-7143
8800
47309
66469
73979
1536
28329
5223
4716
54539
5165
94429
52499
9041
74979
-4795
64319
63999
21759
20549
16449
4326
1794
41139
4089
-6360
-7182
76169
36629
-26
81559
9509
-2433
3460
5689
21199
6006
90299
47169
12789
8828
4609
-3873
-5525
9239
11339
380
-743
52649
-3360
44209
30299
3104
-3296
8689
9839
53009
73079
32339
-1524
63959
8738
765
85969
-5963
53609
4730
66409
42449
26329
67229
96219
9009
12329
598
95
6564
-6047
3331
-3705
83129
-3552
56239
-2903
7679
9735
-8732
3279
5738
87809
6837
56629
29909
37959
7925
26739
-3939
-6920
-8552
8169
52059
7788
3309
-7714
86459
-4349
48569
1788
9328
41679
31589
84139
-1468
44629
83239
-366
2871
-1656
93449
45389
95969
-4321
44319
-7851
-1714
-8083
83589
81729
1774
-5911
457
-8933
6492
-3695
40359
7620
-5052
48899
69049
79009
38349
81179
949
-7191
24589
24829
-2436
-4387
50849
66649
7322
-40
88559
37959
5312
-6663
1053
3413
4926
72369
2406
-3127
3995
31599
89109
62469
893
-4135
33489
68059
-8340
-267
4499
11059
4063
94739
-6823
4446
-3329
-6648
-7081
-718
-4335
-3689
68439
65779
6471
-2865
-1764
7316
-4313
32719
39639
84739
50509
18509
-7518
78519
36079
-8114
49639
-9835
6009
1607
86939
9586
32329
-6501
-459
2976
43559
41629
-2753
-9394
3288
6710
60929
3849
-8377
1484
90369
5960
90099
3564
3807
9869
46149
-1807
-7725
79009
9126
10539
92749
50759
7377
23259
43459
45789
5843
24709
-9514
5178
18759
87589
27279
-7487
801
81239
-8070
-6675
3576
1919
4453
8801
-15
73259
-1673
5484
55379
9620
66979
-4992
-3430
-9946
21519
43829
8739
12149
301
-4713
74139
7337
4690
4173
5814
62119
-8717
2477
42829
4489
-1358
8219
40499
2794
84869
4884
53879
61599
-8911
88139
69689
-8686
7421
48259
43959
-2498
7719
3684
-9701
97929
90019
22029
72609
-9252
99789
9369
4199
58079
81619
3949
-1497
59209
-9784
9524
-7600
73439
-5410
-2971
68349
20239
4101
1194
21879
-2354
2911
4726
72589
2099
7359
4031
-6915
-2041
55229
1052
8370
9395
-4539
79659
-4509
46039
879
3152
8230
7038
7725
67929
59
61119
96429
3873
-1884
-9532
8819
77369
6348
77199
29869
90789
5465
7529
29419
8159
-4509
4910
22289
-4279
-9029
6230
70589
49929
-9597
84049
34789
17509
-210
3111
-7382
-9736
7559
9259
17099
45989
-1764
-3582
-9483
64619
96819
3389
1901
41729
1477
96879
12339
36709
-6713
82019
-5361
-1521
87289
5844
60099
272
9932
89509
8500
14039
9541
8265
1025
10819
5954
-5761
55439
5513
63989
8119
345
8735
-3810
42699
-3448
-8292
63929
-2262
13519
2177
55129
-2450
98129
4323
3799
70119
2884
11829
8289
21629
8382
88759
-9465
-9170
6055
79819
5154
93049
21289
7962
-2103
64539
495
11389
17879
571
61659
-3327
99369
1066
65629
-3163
85029
7831
57489
886
-2626
93989
8640
2124
1686
80379
35949
12319
78349
36759
7640
-2627
41979
-8573
28419
-6259
-9121
9049
99039
3009
34319
3162
73379
4287
1361
-9017
26549
15479
8758
-9045
51219
39229
-9057
-9769
-7598
7809
199
5323
82849
-1858
31159
-6263
-7148
-6696
6028
44999
-4035
50629
2736
1742
-7805
1392
-843
6261
55599
3318
20509
-5593
7331
9226
29299
85439
7147
87609
93389
-3808
-5162
66869
94409
45579
78809
24089
71549
59359
1319
39309
78809
9399
9665
6625
6524
6126
58919
-4538
-6693
8603
80409
29109
-4601
15529
66909
-8182
41719
74579
15679
-7637
8278
73369
77989
59809
33979
8605
5648
82049
-3792
286
14839
50069
31659
40189
-5177
4613
-594
76099
9377
98779
36469
80779
12689
7719
35479
30669
-5307
16379
8368
31159
86069
9173
4069
60889
-7994
5093
95239
-4757
34759
23179
-4123
8637
79109
70
88129
47449
22459
4541
51629
-2701
70399
1116
67569
3837
-5678
-981
84599
-6272
-8024
-9259
97279
-8144
75589
16419
13909
-6987
-4801
-5127
7755
37889
8089
10619
95259
31859
47939
2558
65809
19049
-3293
6891
9419
43699
48499
522
85649
-8409
-6065
42629
49629
54889
37539
12689
67859
-7748
99919
-2763
-4505
8173
17299
-4057
80679
87409
4680
67429
95279
5579
96239
7044
-6198
13919
95499
40429
-534
22629
22079
-6713
76559
2034
87319
10089
21029
9672
8319
-1643
4916
56729
59869
33539
6430
9898
1772
6513
1513
5439
34069
-4760
6189
83099
7100
5362
2979
16139
85919
2475
12419
35949
44699
-6980
-5208
5363
96819
-9769
21469
15389
47969
18189
16059
7795
37549
-9897
46739
-1294
31409
-3247
7029
9861
83019
85729
4103
-676
8722
-2423
41589
-3537
68419
7408
41529
-1713
99009
9970
54719
29179
52359
21959
-4604
6259
5819
12369
-6180
94779
995
54929
24289
90559
5847
66629
55799
8313
13509
17379
-3967
-5497
5049
70539
6674
40429
8203
35469
4263
1109
86879
1972
47479
-774
34099
9206
3162
-5149
-9599
25169
20539
80989
3721
3188
84229
-4518
58819
-7206
65619
59409
8822
4516
-2046
1861
4307
95079
54899
-9802
43449
92619
-5592
8660
54049
42709
51059
5989
-5372
78139
52609
35599
7850
-3700
4899
2134
3496
1501
3725
4847
-4479
2239
-7344
-2953
1909
74699
67449
-4773
8962
81149
55879
9448
2409
1824
2395
77559
8109
92999
6056
26789
-8722
42599
-5262
9840
62699
41439
67879
50719
25229
1587
6359
9103
-2647
75169
-1574
80279
75069
825
-2037
4082
72479
12689
11729
-2105
1734
-3014
21169
-6281
4207
1546
45639
76919
-5796
9087
215
51829
2114
19259
9795
1749
61079
59399
2278
-55
-4453
16539
58599
-1149
-1236
753
-7505
3683
53449
5219
13189
18039
69859
88909
9328
48009
1143
-5309
40299
8289
2134
16999
38509
314
-1786
-7184
3340
45349
50089
58869
-6932
60079
22189
61119
9270
4909
10149
95839
94719
69709
34679
1877
-8464
16579
77289
32409
1227
39299
8814
8264
-7962
41999
666
6519
11809
99229
-6577
-5097
9750
-7522
92039
33449
-3611
-1194
-2879
46619
99409
8749
78209
23009
5370
-5590
32179
23379
-6710
86449
72359
80089
642
73719
45569
54899
-5666
12469
28009
58169
-8614
-3894
25269
6279
2416
35689
5464
77709
-9721
679
65229
-245
-6329
1993
-4006
18569
2469
44109
-4560
-7011
44019
6331
2603
-7381
949
9981
2970
6999
40499
38459
-8861
17149
7413
7471
-7094
-9665
82239
13089
9761
6345
75749
3266
14899
65909
-4547
7267
6062
3787
-2168
52879
9807
-5279
31089
74489
48489
67369
-6388
7000
72749
89849
36319
67119
7086
51819
-9510
58299
4059
-2830
56059
32459
-7235
-4274
-5583
-4009
1587
-6387
8199
41879
-936
24599
-8813
5564
47129
75049
72449
44549
7978
11969
52959
4076
66589
23939
5
35749
-4534
-3010
3689
-7812
28469
4386
38809
3252
-6567
-7625
67529
3210
-9009
1789
24439
54319
-6646
96399
62109
10719
-2517
4856
78909
43879
-7930
-6560
1709
27799
7164
-8272
-964
-5280
20649
62119
-4663
20759
-8275
-253
18039
6685
2468
33759
12829
19279
62619
-2827
74879
97029
3201
76559
-8268
7281
2592
46879
32139
26349
11449
7292
15689
33659
2599
2356
82909
6812
69479
9569
1233
34669
90139
27969
9183
90289
-5634
60549
18579
-1449
2099
67279
4539
4311
66979
8823
97959
46859
-5847
20059
53369
98529
18269
-1086
37249
16699
-7208
-9703
72049
31549
98249
-6382
-6924
-6945
-3206
50409
2539
24399
-5137
53189
6380
80169
5191
4200
6099
12739
61299
-7828
88849
1931
97769
15999
5779
37879
-1584
-5716
67569
-3365
-6410
-4914
1907
58699
-5430
12129
4621
9335
95709
96199
98069
-7232
648
6019
52219
-2955
2216
80789
-7473
2672
55179
94009
5566
70969
8583
89369
82179
-9655
3921
92639
48949
19069
-1471
67069
36489
3667
-4455
7819
-5354
52559
19239
7047
-7619
66329
27279
-5319
-8314
95489
9702
69479
4457
9378
3612
-287
2686
3465
71169
51699
-1373
64019
-526
76219
7838
2304
-5059
80749
6975
45379
-4724
8064
73689
-9171
2098
7543
1583
71119
64
9750
67889
31069
2370
45029
-4466
30269
1821
3341
-1834
58559
30689
32709
-4235
-7905
8950
18699
66619
89229
39599
17509
-2640
13549
61809
71029
-4242
9626
150
26319
-9317
-846
54019
-8965
-4484
-5770
2712
-1210
99919
-6257
34139
6877
-5722
9043
-3250
5215
3779
1969
6735
9482
6077
10509
5705
29929
-2360
5435
5802
67679
9319
7730
-5394
-629
23419
67679
-714
4262
694
6469
79519
25479
-2288
-9518
-5600
3105
1442
-3066
-4883
74859
49359
-4978
6010
27009
23439
36559
5279
68329
56899
43849
-5194
1719
99059
9451
-3560
15069
92689
-4980
71889
-9447
81929
-9279
20749
61159
3507
-8426
15119
10109
88849
-7526
83929
51249
15719
-4364
-2833
71519
84949
19369
86929
5649
77559
-1546
-3722
-7791
50739
2059
61159
6919
-1857
30449
74629
-7679
26069
7408
3708
6637
57749
55059
22089
19589
67849
19819
1163
-8021
7514
-8863
54589
1814
-9084
21619
-3774
35979
22609
81169
9359
15099
33029
46029
36229
3265
5136
12169
41049
41529
57499
72789
56929
-7340
2716
6387
69609
3589
-3413
24769
6555
-7709
59529
5224
-8143
2920
14469
50209
25469
12649
35279
16639
95709
24709
-2526
18259
80579
15159
18889
-6771
5245
-1062
5871
29059
-9021
65409
84169
6619
-4027
-1373
2455
85059
15549
86609
-6922
-4973
1400
29689
1138
81919
-14
7699
3220
-3474
3816
-76
-6706
3821
-7125
93949
-9437
21369
99549
6898
-5095
24929
-9826
1739
-7143
50269
39739
10959
73599
6527
-3140
6832
12649
-6669
4409
-3120
7583
12679
32229
13259
85569
33949
20949
75339
71059
29909
51809
4549
9454
4814
92729
41139
49659
5435
-3099
-4828
-7858
7451
80999
9507
6059
42139
83569
9014
3577
-7238
33309
50759
833
9175
254
5930
-9642
3208
3482
52019
77549
32279
-7826
-7529
99109
66309
98779
92139
-9862
-5788
43549
570
59299
53509
8449
-7015
6729
9629
95679
26989
58259
-9808
33129
39999
91129
-8258
78299
7979
36849
3950
4306
77289
61729
57559
-2146
51259
74389
39079
72519
66799
113
642
46619
8005
16439
-5201
6519
43519
31699
4951
43089
-7342
96789
6469
99149
-4454
84369
6724
85199
-5107
95469
-2089
1237
-1829
23449
65109
28629
-3169
3697
31949
4229
-5549
10799
82749
838
-8968
56679
32549
8929
-7255
6567
79089
3477
44729
60219
55119
22159
95419
6817
18569
77099
59329
6616
6349
-2876
-6138
-1881
1349
31729
35429
14209
-9263
-2979
96999
4149
25659
3910
74229
-1098
13889
-4932
32909
4696
3040
44859
-7137
79149
-4142
9721
12009
63329
11299
45099
-6223
16109
4860
1839
-7680
-9094
-8248
92459
46949
-5582
2437
-9537
-4866
-1359
44849
73289
5523
9779
2709
45379
12039
-7575
-7590
45629
43719
70359
40089
-2787
-642
7039
7342
4242
72239
42809
70529
42229
-7228
31299
22419
-1312
13739
56159
5620
7927
63199
67269
78299
2919
7908
1121
1221
48629
9119
22079
54399
5659
35959
-3041
40639
5486
9270
5892
56519
29959
-8377
39049
66369
5633
72929
33699
2919
83869
22309
2260
95339
6866
79149
31599
3939
-483
64459
5297
90969
15699
-5761
23189
46649
-2284
141
-3210
3417
-3104
89929
52249
-7586
88579
44569
-400
1942
9693
6064
4709
67549
5640
75879
-1376
43959
33449
-5515
1227
6962
5599
37099
3949
4915
5933
94169
-9303
59239
198
29339
6295
1793
10489
-9079
35959
4629
87049
2556
-4509
-8112
46639
2760
8617
46779
90729
16439
18349
-268
7859
99919
105
-582
41079
39219
91709
84179
-4479
-977
-1024
6602
64669
3854
-3729
96419
88129
-2485
-2225
7343
1358
-6624
-8673
41939
-1544
-8053
12719
31959
-2579
78439
8353
-1932
4339
-1191
4599
-8047
2
28
99809
-7072
78599
-7833
-6088
59289
59579
3896
-5546
3719
22009
-2227
-5938
-4695
-2370
-4801
-3851
66029
-8986
9402
7370
3134
-5661
70509
8288
31049
56839
6281
60109
739
17889
8545
423
8988
28209
-9456
69989
-8787
-6495
30229
-3523
1412
61849
60339
50699
48359
29499
6274
90319
-8014
50529
57899
-7340
-1340
66629
-214
8633
3726
3219
82189
24349
4369
3461
8800
65859
17499
11649
-46
65989
9099
7853
925
76069
48029
233
3911
-5019
4449
96799
7579
61479
33439
-4055
579
3140
55749
96749
53229
4336
78189
16489
-9177
42079
53519
-7474
-3082
70539
76829
-129
-8255
1020
-482
97319
-2724
-9137
88899
8800
4749
-9293
-218
64209
3549
7710
76079
8769
-1084
66619
8686
3197
64619
-5250
-9418
94059
57099
40629
1487
77259
2389
8497
-5670
57169
1009
11899
1676
14529
24459
7726
-6549
1635
32039
4932
1922
255
76159
-4344
97469
45039
11229
30069
-1447
-2345
605
34049
3397
-6926
-6229
99359
27599
-9260
-4478
2878
7135
-2673
93789
92819
7979
68079
-7583
2099
4344
893
36409
1030
-7433
405
-8426
58609
46339
5577
98009
-1081
8435
-2803
60299
76819
-3085
35769
-3263
-4928
-5803
5600
19679
7999
4001
99569
72799
2779
82219
81609
24789
4776
-497
-4049
3504
-7666
64069
17709
24099
29129
-6455
630
27529
-3267
-6097
74639
81719
854
80799
-7005
9425
6708
6119
45029
84179
3126
-4372
76239
27519
21279
-5800
4787
25359
81329
39419
30099
70199
6311
6579
15649
6089
75369
69579
54419
68989
-6949
-1377
60539
-463
855
6180
19649
54049
30929
9543
-2178
65419
5092
9949
38709
54359
84929
-6003
18509
70009
-3387
-2019
-7554
3546
-3657
5988
-7139
79159
90569
5723
73239
432
-1050
-5520
-316
40259
2485
517
9800
42879
38839
4701
65219
49069
-1289
30689
46539
74829
-9139
83139
-6439
24459
61709
-6438
7789
-4880
2797
-4975
36099
-846
85879
74199
49879
92649
-239
82509
-5177
-8850
39939
91979
31039
-6052
20589
85119
59259
77509
44119
61649
4364
75409
6856
4784
93599
-9921
82089
-2616
5699
-9587
8206
4093
6131
95079
4549
82949
-5142
56789
-7613
77649
2169
-4032
9792
28959
-2073
-2365
-4487
14729
18759
85279
59439
19029
4717
92889
2619
6381
7208
6536
9209
-4040
1895
53249
8946
67209
-3421
94499
5119
49129
4059
8529
-3412
-1971
-2991
-2901
-5696
49379
97259
2719
45189
-5758
1175
81029
98829
28089
60379
48139
64129
5684
3120
-5925
42
-188
-621
58419
98489
6193
27359
-8470
7544
-7880
8546
-2635
50119
4848
16559
-4392
31089
-3682
4631
-55
-5764
53229
-6190
34719
4956
19519
6957
54589
5194
21849
35229
-3931
-8939
89769
8448
983
99099
-5588
72079
73079
85989
57179
10589
4862
63119
-8222
48669
23259
19659
4304
6453
34979
62749
67599
8796
97669
3031
58799
84839
-5568
83939
44749
47389
-9338
42129
-3776
139
7159
52409
61199
-8463
33269
6049
-7879
8447
70689
1099
-8629
45209
4715
7829
8958
57669
91309
1539
71269
46909
14689
2799
8820
68159
33469
67969
-5912
2707
1514
1735
-9504
-4436
9818
59289
9997
76879
2629
-7596
-7709
88469
64169
91259
61539
-4610
2355
8714
8862
5071
52639
93759
-5381
6199
9969
-2349
2921
2540
94759
5262
-391
6516
6597
6923
8289
1259
95119
8079
-148
8912
3628
-9433
43609
42729
9468
9620
1556
-7553
47339
4329
77179
46539
-7227
-2611
589
-1251
75359
58269
5940
-7
-6366
86339
5971
367
46169
2649
-3941
4554
9786
2949
70619
37819
1879
85949
3659
-6236
68309
8919
8685
81159
5618
38459
-2440
52269
4889
38869
75069
16879
62849
-8625
-8244
75179
8071
81989
64019
-2032
74009
6899
72099
-7979
3553
-7983
-7719
1509
5829
-7679
24489
2929
-9638
93479
69659
-6723
13419
254
62979
43459
570
-1868
5298
85929
-8077
-4865
95539
80669
4107
34119
-6899
5179
72649
87649
43629
-5435
-6768
85429
19919
-9274
8215
-1141
-2067
-1482
79989
1199
3560
81039
7825
79529
9784
-9999
-3971
5889
-115
-6401
9773
31279
3255
3186
-9181
77359
85899
9253
16359
4706
31679
8162
4263
-6020
9549
22879
42029
-3664
27929
7179
87739
98379
41729
5005
-4532
46519
-6979
8713
6009
74889
-9350
-711
4244
3983
6097
40239
92809
51409
11429
-7104
68919
65379
47719
4484
79239
1891
3623
15149
32579
3746
-3921
3941
-5639
3552
204
2996
-7359
24969
13829
8843
6599
9959
30529
27929
53029
-9944
7428
80249
80589
-493
7383
1523
-5232
-9939
-2821
3348
48779
87959
18599
29859
8385
5420
-4422
12899
1736
9143
-5726
-716
5959
4919
81439
1913
1020
65429
-8265
46259
36639
77739
5979
91179
-724
88329
3022
13569
-2681
-9697
24379
86589
7511
17949
8963
8496
39859
14409
81209
97749
-4297
-3570
6564
7671
38249
-6736
55489
3665
-2575
2680
68309
70959
26919
-9566
98849
53259
-3672
-1401
72329
6349
8683
65139
5534
-7842
-5875
47129
84599
-2293
-1103
-4924
3426
8216
46359
-8295
8336
22459
82179
61429
78379
5779
30369
39459
6412
76939
19259
88419
4855
46839
67129
-6357
43009
79529
8239
2654
83809
8576
-3599
73889
-450
2630
2422
8037
4139
-3847
81439
9527
82029
-3972
-8591
-4386
2924
82069
7457
65239
48409
3238
-9441
1304
58139
6367
97449
36819
-2483
-8789
7369
-6371
23839
6833
39559
-5927
67539
-9602
-410
-9374
6779
-4686
-7881
9767
-5945
-891
89579
79109
21559
-7744
99399
15679
-9449
21239
3720
1727
46949
-8515
2029
-9531
1787
4768
3038
-9260
-6481
39329
9084
2899
6243
-8814
19959
2690
1789
7981
95919
6550
3599
-3665
16069
54199
-9920
-1837
18999
79739
98919
82679
9519
4209
95069
65609
68479
-4668
-6873
74799
8439
3719
-989
-3618
1646
75359
12669
40319
8186
-6776
1102
6943
5516
6939
7938
-1457
5939
3822
2053
88019
-2588
7247
38289
14389
94939
73089
884
33849
-6090
87919
5680
5382
4292
91609
1877
20339
12239
83219
-29
82179
30059
1854
77339
12689
950
3228
73539
1529
-7990
-8957
1795
1822
6959
-9882
2250
1887
67009
-3387
11059
2980
65279
31469
6324
28069
39509
5529
-8235
-4798
25159
10149
63249
35589
55989
56309
790
-8934
67829
87309
-4749
-7725
-5415
-5707
-3300
92829
85799
57709
67609
98509
-7934
54439
1559
29209
7367
89459
-7645
-2715
21969
-8141
18869
3742
6404
66779
4829
58619
-4846
93109
-274
79659
3699
86269
-734
42499
91789
4978
-8484
93539
-8327
53149
74999
46259
96709
30649
-7311
2317
67949
435
66559
-5316
-5172
98729
9225
93459
38639
6306
26309
-2387
31539
6751
-5158
-1191
2543
32399
66999
-6822
593
3744
7075
93529
6649
6719
43629
-9228
7492
-4620
53749
-4059
37749
53199
80139
-9638
5574
85839
11269
-8741
-7551
36139
7351
82679
70259
-2131
-7639
-9213
48399
68639
4992
17629
5955
14339
-8612
9899
-4462
27109
-574
6494
23709
14499
80549
6996
-4282
28049
91489
41449
85329
-5048
48519
-8841
98999
-7705
49939
51909
36399
50429
7140
-3358
12559
99169
2869
67039
-3216
5211
15489
89499
5052
78009
72089
-8319
9770
88429
-9031
-894
7929
4126
3589
4670
1799
8685
98079
8754
1689
93879
65069
-3091
-2
86359
-6475
2163
22349
-6161
-6189
-759
-8266
51839
4380
29629
19429
14979
48349
34089
85489
-2251
467
96399
23929
1659
47279
34909
9730
6861
80789
782
65179
22569
91519
48629
2059
92319
-8727
29559
7102
5883
9449
-8243
76359
61769
34719
6059
1886
68079
48259
-1492
46769
-382
-6998
39619
-5012
63099
1399
-2488
-1058
-3625
80659
1575
15389
-9869
53589
13419
8212
-7970
-6000
7056
9230
42799
89229
-5599
4522
43989
20739
23699
30269
68459
-3502
-2155
92809
33709
92499
15649
17879
47709
64439
-9138
54779
56169
-6
31429
81379
-1647
9835
48329
26059
-1135
-4704
90539
-7581
65679
73719
4976
92909
67359
11509
68629
-5198
-9120
-521
7655
-4128
61439
7319
-98
974
8486
6049
23739
62089
81939
95629
74089
1581
12069
33219
17719
801
54239
37949
42009
93399
406
6239
1772
71809
34829
57269
38949
3586
-5862
475
713
43769
623
1356
-1521
-8214
23169
-5300
68119
3391
3901
16769
90249
84149
-6887
-8927
28399
95949
26349
1249
3915
96619
-4278
76209
32859
-7902
-9042
84159
44489
55059
8698
-2111
92809
74449
52619
11569
73519
-721
-7752
91579
41509
1613
-6995
-5722
72249
80199
27109
-5651
-9128
-6341
1858
-7314
-7200
69339
41449
50129
7421
54039
-9144
17969
13939
99339
16899
85649
48149
-1987
27719
-6818
-4103
26879
2465
8116
96739
33079
-8422
21259
1337
9709
8217
8485
642
97149
5502
-8983
61259
20929
9139
91199
6399
78339
30979
5226
-6036
58699
40499
54369
54369
-8465
11829
5954
-9724
80789
23309
91229
22169
37999
61469
8313
8669
3061
6733
-9491
28149
-6432
-5846
5733
8559
56549
-5752
2048
40369
6121
67739
-5535
5734
67599
-9
98609
75339
79779
9264
80709
5137
4410
2824
98219
1214
61359
24689
5919
3581
76649
-4766
-6249
6009
14419
6121
4684
86579
38099
33919
61739
-3430
28499
90329
7483
-1538
-7341
6716
-1351
4752
41179
3092
62799
11089
5707
4481
7348
-2952
94229
7769
4109
76739
7413
-6210
37239
88659
4089
9388
-257
2479
38369
43979
69409
52209
6006
65359
3078
8033
52589
343
9588
22669
64789
55299
60379
-8979
-2699
-154
24999
27839
-7143
99559
28129
35689
9256
78219
-8280
70469
70289
-2333
42589
16119
29979
32509
10769
96379
-2149
14769
-7197
47699
17619
75569
64239
98139
53899
-5648
40029
-6826
-2111
-9509
67989
3746
2452
5816
10449
9562
5344
-380
-3880
98559
783
61229
-8138
7866
43129
-8301
63109
86119
7865
13359
-5039
-8175
94299
9102
9270
8039
-9037
8876
26229
27189
60959
10209
-6609
-5938
51929
10549
37139
66419
-1800
88109
42169
42
2614
87129
938
26089
39369
70479
195
41349
320
8559
75369
94749
7904
42379
72579
73919
-758
32399
18029
15419
46229
-7524
3398
9316
5620
4084
34139
-5352
-9828
-4898
7
3302
49829
84589
3120
-2847
6222
-4317
59839
16
2704
5239
-2611
43559
89819
81419
20129
36729
86309
89499
39409
86689
67589
-6061
6825
-2196
-9133
4008
17409
6662
-5354
9209
14219
-9865
7391
29239
16789
35839
70069
59959
37029
41989
5541
81509
5984
13519
33759
63839
92369
15069
52409
-4679
3360
-1028
54549
76479
7009
-6521
2159
12139
1475
7219
-2004
-4448
68989
-5265
72999
23309
6278
5247
6266
-1259
18519
8274
3997
12139
1001
66099
79039
-8691
57069
17549
21069
4987
75399
-6521
10149
67869
-715
71849
-6764
98049
-462
80619
-3544
-8757
5760
81109
85549
18579
-6400
-9437
28529
-8279
20629
-1597
3845
25709
-5112
28919
29689
24869
86359
12519
73789
58869
60269
-6046
30039
4049
78119
80579
9958
3867
48659
-9069
-4756
8127
-8832
778
-89
11369
9547
-4579
6837
6491
6978
3674
67089
5559
49599
-9921
26299
42359
23309
-404
9466
-7096
15129
12559
-6639
-7113
2530
688
9940
-8777
95329
85909
54039
3503
65709
4676
91619
45309
71709
-2418
15269
439
71879
21289
-1243
-7348
50029
-6938
-6524
-8463
-572
-7902
47519
1119
7619
8589
14549
28599
-4223
1432
10569
6952
-2520
-6829
7669
2098
-509
-7088
7360
97769
53829
89759
99489
-2298
-811
2899
19959
24159
5805
330
63099
9074
2314
3671
-2180
1097
68299
9619
-635
69169
-2508
34669
7349
71449
59919
-8091
20409
-2695
-7494
2726
59689
-3276
5799
66389
97929
-2249
-9925
-1861
2916
98319
11399
19559
2779
77299
34459
807
5220
42979
-2355
56239
6925
13869
-4019
2926
27579
69909
1736
53359
3274
55359
-2898
1930
13769
98529
6387
2417
-6031
66979
25589
969
60779
575
1619
15999
5720
-4640
-3823
3329
-3394
40569
2499
77349
8999
70029
2419
5537
35469
4991
-5565
70249
8117
7148
-7093
93569
-7341
91969
34149
54119
1099
37929
8273
-8629
89479
65159
4350
-7825
4049
6501
5064
7469
20079
73579
30579
7664
48839
33599
12449
79659
60929
2772
700
91849
54419
81879
87799
7847
91949
-3017
4590
41379
3768
35
-6751
36669
-2933
25109
40599
1121
-912
-1742
88299
60679
-8308
3342
3759
79139
30079
-5869
5413
40639
67889
8242
13619
12219
4207
-3943
93609
57369
-4277
69759
39089
68249
92339
9588
8859
34229
4701
36819
-3608
-2209
14609
17179
68379
61869
8881
3049
40329
-4171
83069
47079
917
-9443
85559
85779
24029
9461
-9952
-5494
3765
2729
80549
40759
83409
-2879
-652
7868
48109
5352
58719
55529
98369
1576
851
41419
95049
15509
97849
8713
3186
65929
37269
70369
2620
39349
-9811
99469
-2320
78579
45199
-3465
79229
9655
15139
47739
-382
73029
-1014
93549
11219
-2915
-2411
2491
24139
25579
43809
2449
17119
-801
7859
63659
3329
32889
5737
-914
19689
4344
-7388
-7414
-4500
53429
90169
57679
24089
5672
-6729
34389
2129
-5998
82319
-8561
40159
71399
78959
78779
-121
1362
-7427
-1360
96769
-8434
191
1154
-34
37929
-2844
92839
-5331
66109
695
28119
33909
15039
3236
1570
48369
87829
85839
-8292
-5688
23539
876
21629
957
50999
25879
11439
71989
-195
12609
7552
9733
41019
-2975
93379
10249
-2701
84149
90849
38019
1209
91769
826
57349
34249
-7407
2348
3309
8851
9285
10659
79299
6909
-5561
3798
-2489
-6972
46659
47779
39539
1159
-845
-2381
1608
53539
666
19879
20159
-3632
8780
8188
10879
-3597
-9375
62379
-7780
-4020
57599
-9789
66479
9798
-7766
61739
780
62499
-1491
6689
19559
235
-9457
-1718
4699
28
18539
17369
-702
40679
25289
78459
8281
-1125
-1397
98059
-8596
-4774
6469
21999
89889
2345
36649
58569
60399
72629
-267
-4522
50479
-9219
9069
11429
57649
29789
90229
1652
54099
77
5775
-3740
99739
81089
-3153
3636
61769
7944
58479
73489
88559
28069
39279
-7133
78559
6577
17809
6941
-4636
46019
-1083
7223
4287
46219
-7802
99229
3537
8762
26509
70339
53449
57079
6323
33479
14129
-2218
97529
15749
-9090
9643
-9936
55819
-8594
-7205
32329
17299
77029
3330
18359
-7349
85289
98999
5709
-8374
-634
-5716
3189
57739
4471
67889
-7097
8671
8334
-616
-9075
3714
-6431
33709
11689
-952
72919
68269
-6393
-7200
5924
-3359
9214
50899
87669
6971
9879
-620
3604
7425
3125
85909
15629
9867
-958
68309
-5641
6410
98269
-3500
4372
85689
94479
15179
6723
19569
-5663
83899
35019
28149
1163
8207
-3676
67969
15969
-9916
27719
8993
2828
6610
15119
4009
25669
-2198
85859
2932
-1745
-5214
2559
41289
39569
-8198
-5205
1024
-9498
22859
71369
82749
66569
21049
67739
32749
46239
6006
1297
36129
44739
-2855
1178
1438
79069
20979
83809
30939
1965
49609
68879
65169
-5643
19469
-3101
5859
67439
-2954
11339
65629
32149
72279
31309
16889
-2335
5567
9189
-8612
57299
28429
89249
-8903
53009
78849
-1856
85269
78749
62219
17179
86309
7810
-1980
90399
31619
20259
41439
-1163
90689
42049
5549
1239
-7212
52569
26409
8387
-660
6008
73019
3980
46239
42849
35589
93309
6401
2729
28059
70339
1997
87449
89409
8937
-3347
-8554
95069
34049
1599
23369
42779
-8154
6238
-2165
2518
-3790
24809
3697
9595
3066
-6857
-694
69509
-7238
94669
6879
13949
5689
84639
5499
924
-3437
89169
343
-9733
3277
5599
23229
15349
72729
37849
6809
-4143
76719
9643
66889
-4573
66459
-3268
-2710
-5117
5564
-7780
36209
51919
-4618
64929
8782
8325
72339
5759
7713
2952
64479
-8151
41399
-7996
66979
4925
70589
5728
99829
3099
-9684
53229
85629
28759
3538
57869
61619
48319
64889
57829
54859
5089
3108
2039
91669
6237
1219
65739
-8625
-3631
94159
31479
58189
30009
-1524
-9330
55859
8628
27349
258
7849
-7676
-4059
81719
7945
34979
23229
-7230
5659
-4299
-2825
2678
2177
-3434
38959
60769
68759
2889
-8912
22109
17859
1803
-6724
-6231
50399
-9759
68819
12749
3222
-8726
1194
47789
-339
-2639
5969
66079
8718
76649
26829
4590
-7120
6453
-777
-1510
-7399
-1055
53439
50889
-8676
61719
6911
-5006
2074
-2711
8453
11629
30759
26129
-917
94449
-3513
-1224
68309
1999
19309
43839
28169
30959
9212
-9675
97489
-5897
-3862
80239
9894
98419
40869
-9864
6807
8244
9069
-3569
928
55249
2354
-1030
54269
1779
69549
21709
7787
-5666
4105
30269
35569
-5821
57219
-2260
6019
32359
3268
75799
52959
57419
