6123
21823
9577
7693
2512
10362
10990
23393
8321
5181
2198
4396
10362
8007
20724
2826
6437
7065
7222
18683
8792
6123
14444
2355
19782
10990
7222
11775
21980
20881
785
8478
19939
22765
8635
21823
8478
18840
11304
1740
6908
4867
11775
8164
3611
1727
20253
15229
18683
15857
4710
5024
6594
21038
5495
20410
18997
15229
7222
17427
21666
19625
20881
9577
18683
22137
20724
7065
16642
13659
21509
7536
1727
7693
5966
9734
22608
7850
13816
21195
10048
12717
4082
22451
13345
2826
6751
19311
11147
1413
5495
1256
314
7693
14758
7379
17898
12717
4553
8635
4239
13502
6437
12403
17270
8478
20096
3925
20410
6751
5652
4710
7536
20096
11618
6908
314
18840
22294
21352
3768
17898
2983
14915
10519
13502
6594
9263
13973
6437
21823
1256
5338
20881
21195
12560
18840
20410
7536
1727
17270
7850
3454
1884
7850
5181
6280
18840
18997
21823
5652
15857
942
8792
3297
15857
20253
17741
10519
15543
21666
13816
2512
21195
9263
21823
942
5966
9263
22765
8792
11147
4867
3768
10048
11932
7693
8478
8164
2041
21980
18840
13973
6594
8478
7065
6437
15072
6751
23236
1099
4239
17427
5495
11775
8478
15072
7850
17741
13188
10676
23393
942
17113
16014
23236
10205
17270
7693
13188
18997
7379
8478
11932
7536
7065
12403
628
1099
1727
11932
18683
5809
6908
20410
5652
5181
10519
314
19468
20410
10048
6908
21509
12560
6594
15700
8007
4396
23079
3140
22765
21195
20253
5652
8949
12560
12874
18840
4710
20881
157
22765
19154
23236
17584
19782
7850
12089
23236
6751
18526
21195
14758
4082
6437
5495
18526
16014
13345
5652
1256
6123
10519
2355
1666
9106
15386
1256
22608
1256
10990
942
10833
8007
9577
7536
18840
23393
2041
5966
1413
15386
23236
6751
9106
6123
1727
3140
3611
3925
2198
8792
13031
2512
3768
18997
6751
18997
11461
8321
1727
942
16642
19311
19782
4396
8792
6319
9106
5652
10676
20096
13345
9106
21666
8007
11932
11147
12560
9734
15386
471
8635
13816
6437
22922
3611
7850
6280
17898
18369
19154
785
8949
12874
11618
314
10048
6908
8635
7850
1256
17584
15543
3297
6751
10990
17898
7222
7065
15857
14130
5181
20253
20410
18055
14130
5495
8321
18055
16014
16956
1256
2355
21195
5338
1413
18526
3140
9577
12874
6908
10048
20410
11775
6594
19468
22137
14915
20410
22137
16171
15700
2355
4396
8164
1570
3454
18526
1
22765
23079
22922
23393
23236
23079
22608
22922
23393
23236
22922
23079
22608
22608
23236
23079
23393
22922
23393
22608
23236
22608
22765
23236
22922
22922
23393
23079
23079
22765
22608
23236
22922
23236
22608
23079
23393
23079
22608
22608
22922
23393
22922
22922
23236
22608
22765
23079
22608
23079
23236
23079
23236
23079
22608
23236
23236
22608
23236
22608
23079
22922
22608
22608
23236
23393
22922
23079
23079
22765
23236
22922
23236
22608
22765
23393
22922
23393
23079
22608
23079
23393
23393
22922
22922
23079
23236
22922
23079
22608
22922
23079
23079
23079
23236
23079
22922
22765
23079
22922
22608
23079
23393
23079
23236
22608
22608
23079
22922
23393
23079
23079
22765
22608
23236
23079
22765
22608
15072
157
471
157
1
22137
20724
20410
20724
22137
20410
20567
20881
20253
22294
22451
20253
23079
20410
20096
21352
23393
21823
20096
21509
22137
22765
23079
21352
23236
20567
22294
19939
21352
23393
21038
21195
20096
22922
20410
23079
21980
23079
21509
20881
22137
21352
21352
20410
21666
20410
21666
21195
22137
19939
20881
22137
22137
21352
21509
21509
22765
22608
20096
22765
22451
23393
21980
21509
21666
21823
21195
19939
19939
20567
23079
21195
20253
20881
23079
21038
22451
21352
20567
23236
21038
22137
21980
22608
21352
22137
22294
20724
21509
21195
22137
21038
22294
21352
21195
20724
22294
23079
22137
20253
23079
21666
20253
22294
22765
21823
22765
21509
21823
20724
22922
21038
22608
22922
21980
22137
22922
21038
20567
23236
21666
20096
21195
22137
21038
21038
5495
157
