55686
2781
21702
61922
13718
17418
12821
1629
17097
23064
30896
60324
71118
46722
61087
8062
61735
17431
81641
90064
22665
91606
51484
95944
21133
743
77483
38651
67073
26442
95722
45625
101
69002
64528
36095
40616
63894
42835
97063
28669
27026
43860
41683
46090
52707
42417
55352
23617
29039
60112
90623
81926
78954
4009
98555
42139
92116
40862
90125
22238
80980
21586
24871
84903
29738
63572
51776
15773
6146
41960
68593
63355
15621
3397
52038
23774
38392
15387
3253
24546
35765
9298
55720
24133
63641
58640
47734
58746
68300
43922
87657
88543
60734
76
7512
45802
7114
23732
75558
41634
52938
48210
9625
30449
78673
16855
22939
60633
91348
41741
55889
17076
307
77625
18455
92107
77810
52303
97649
76226
66766
80920
79250
54017
23210
12719
2704
32486
61250
3492
70185
28665
18795
61360
27270
59505
98803
92593
73682
64240
80643
22176
86989
21394
17406
43104
53288
9806
11482
68574
22981
41900
52579
64613
18778
5151
54225
28901
47508
39013
96216
22630
95906
5313
32942
33776
88127
79941
43960
7437
75118
96069
91593
80593
65607
90312
75958
85893
86175
80729
86293
52946
92385
41170
84300
1529
84046
27398
79625
22373
62542
88621
97164
75794
32626
71878
74878
98942
58246
93380
74884
16972
68517
61848
78294
59275
83455
29804
83979
55610
83170
24790
58549
97527
30646
61470
85928
79687
81991
80683
58577
81808
26485
48519
65433
7893
27902
90055
82788
8241
58979
22489
42825
99987
99803
56626
72443
58261
88855
88230
63252
5543
38890
1481
41730
12082
8729
5977
80996
26781
78811
31241
39769
87179
76704
4479
59099
71424
39959
25752
99222
42854
68137
62310
1655
31223
21313
3422
8964
75186
20964
97466
16758
44039
16553
95138
62438
34175
74318
5873
90660
55699
28700
52100
9755
2762
46666
95146
27712
10718
26386
32443
81495
83979
81867
79330
68136
66773
45162
16907
89967
35438
86181
405
79053
51172
99549
12687
67134
66797
96392
76551
35495
67469
16251
29755
46451
67835
77065
13969
31047
53138
33852
57507
69813
14748
53600
64532
75415
28959
87995
45658
24698
58693
79674
36987
74492
25430
24878
72622
67726
81196
9114
39255
97738
58565
33276
36267
5433
77405
56261
1361
40870
17916
69398
41246
63860
34783
60733
61883
90414
52782
83800
70313
63185
37834
60745
62033
59326
66268
17057
20542
26240
55203
24705
53737
77345
72800
29663
91200
28699
78379
53057
90653
83029
73559
14680
33946
54864
31250
68332
46325
94290
22427
67019
19025
84831
39123
31612
73910
80920
55431
37199
1399
92789
77722
45078
95665
40573
46555
13160
36134
27825
63485
1835
80618
34636
11142
2074
80202
90833
94184
24319
65423
88878
24536
55469
2549
36413
94726
93446
67591
27895
51678
60848
41204
55546
33088
99154
96205
9651
33433
53442
82595
12652
38363
64728
50730
81125
33445
81522
83380
84157
48357
99172
81473
31370
84806
22334
76036
38580
37248
40008
39123
67251
72786
87244
39820
72985
60128
51831
4963
15021
1658
12257
16143
32998
20335
71470
99447
18542
54703
33775
1981
80410
5649
29681
39277
22883
66978
63873
51821
15875
29303
90096
62862
62539
77612
46430
18929
65427
23773
17920
45862
39820
44345
40426
95372
49547
12565
39739
82901
33618
74963
260
657
31080
64256
78137
34581
1933
3165
36457
34484
34942
70241
82354
27582
92309
3567
71928
54935
75248
80983
67022
32232
343
12068
78716
71378
68723
93668
18726
87947
80065
15256
88437
53060
28841
24484
88544
61016
6227
46032
48307
22254
9787
14707
6939
68185
24288
92287
13646
35851
44962
32535
50165
65725
25845
9353
18525
68462
14909
52357
42879
82693
85317
51692
50884
3881
73954
32062
9218
320
40522
61982
68203
36056
29356
62692
82407
94295
35726
15908
92407
37902
94392
85120
49126
94442
75172
83454
22527
42491
37331
81871
18840
21558
23192
36763
43337
39293
88590
45183
85495
17221
11334
21520
18614
84140
81716
46776
27244
90784
79739
74006
80084
28366
14195
69884
19337
32476
58557
53123
17271
55954
14408
70264
96627
25038
34374
62238
17396
30308
12235
16264
6822
22388
8643
30805
93352
61270
73530
7203
60962
99310
88636
76515
60474
60498
72249
5617
24366
4425
96167
22120
1680
56635
63491
74680
97879
20763
65032
55296
40765
8098
88189
26392
77303
26660
52633
85117
65008
38261
79864
42033
42044
72691
86096
61022
31180
80664
26387
59986
22907
65055
85261
74835
46064
11644
65248
87821
4229
10132
36238
7079
65665
20338
40297
61118
93612
1963
19880
55194
90962
97468
73935
39449
52321
33778
21530
59244
57528
76795
90003
69662
60102
61900
18433
34837
38301
39120
70361
24268
99414
60971
95557
66152
42553
39225
94558
76449
14793
8633
45424
66450
46900
89775
16396
50166
90312
36475
96459
77249
45565
44279
66824
34990
53852
10003
63907
89495
31411
76952
9026
79571
22605
80115
69092
11792
95591
20604
95311
9805
63702
67765
21784
71419
41227
92953
30773
71930
79662
50120
23238
75884
71551
84109
4017
74591
53976
45013
47851
30381
44509
7930
19048
86711
48678
21257
18703
28907
34130
27439
93104
46313
61509
12353
49814
17710
95238
24187
73597
75537
54874
46190
30236
8287
76122
6995
85078
28598
60335
98767
86521
31199
17752
32022
81065
76455
86589
28495
8880
49786
87525
62835
58039
78339
76980
41680
47387
26351
53092
53674
97456
74444
68277
69913
8739
9412
43202
15958
91661
38528
13031
41230
19359
32115
34327
36279
86128
46957
75831
49315
39470
8134
71927
20445
38721
81105
48256
87184
53182
49632
25885
57114
13875
43429
9247
85310
17198
765
83982
74618
41098
69589
39073
75938
21081
90453
14976
12870
28389
79935
48576
21932
18124
59104
79509
38517
29771
62809
12440
69620
67225
60612
21003
97673
32997
88769
15171
54521
76607
7119
17392
93029
969
15459
68363
52477
4467
72649
51761
39473
98107
62455
87735
95755
30856
34250
71671
77382
9834
85444
65208
6517
23727
11251
81372
35765
75242
2372
89320
56267
19794
5992
13290
42938
62403
12640
46045
49072
2042
73937
29317
47168
35195
47372
76072
52317
79158
83405
2217
13062
12812
31710
53882
77061
76015
36397
35195
71386
90504
99247
48151
13543
91682
95436
54931
18803
35079
7018
48894
98916
29650
37601
70737
90438
55506
28805
52371
95069
88666
15363
83706
35571
76606
18120
98642
67357
59808
87511
93134
33818
55018
44845
64982
18154
2677
49209
11041
54475
72965
87700
64353
26708
78786
65621
34308
36237
45898
49242
93364
59780
53056
86583
93961
48701
30223
52556
56586
17139
44049
49458
92787
40984
58396
45670
96769
59615
14416
17258
8178
24010
78610
70481
47711
71901
29522
90446
1619
77167
93860
31225
54723
86752
8733
27463
782
28220
75551
34713
57524
19234
16854
76496
64246
99591
81064
61355
34980
62127
52602
32338
26229
95304
51170
52383
8289
19055
12347
78263
70710
50047
2414
84850
58026
40170
69060
24052
61185
24697
35537
92386
49341
85018
69228
5371
40612
93242
4996
52963
27939
96324
22167
74893
94516
33056
62041
50241
98914
33148
45125
87806
49190
11567
34156
8523
50604
20034
66000
26006
74971
68189
45485
85458
81432
74584
18552
33372
98012
75955
6637
36645
46264
83220
89883
46216
74988
15945
31924
51263
24812
94624
609
11057
30330
65768
31903
98012
13505
36394
89866
64099
86342
78068
7990
85660
30855
59164
6875
21027
3143
55054
23530
89361
23891
33820
36445
27886
86634
32321
19174
43250
92066
4713
35474
58095
27191
96374
82988
92058
56457
38564
90327
82261
76713
26715
54805
44419
23975
59997
55600
83683
62899
89967
3261
54888
2624
39734
83814
86510
59109
26364
13840
64471
66032
38635
97314
56459
70430
62235
4523
47133
55627
49898
72162
21111
51274
53006
67536
61793
56353
84320
22425
65828
23233
70647
60646
79289
76425
13111
47771
42755
9084
71515
71690
7183
31934
82816
13745
6012
73567
6470
77178
56774
27582
56689
8772
29384
76331
67402
52977
20801
46572
70645
59750
90661
86445
8009
67936
84086
99979
90158
5048
25812
74967
41240
88254
3675
17482
74653
63764
99426
54511
2156
42980
72483
82487
92975
21024
33710
9273
1727
64691
88872
37414
65611
71360
58185
54896
98378
86606
85843
44598
41416
75438
52567
607
58608
51219
16120
26972
7315
85686
11191
81980
51986
71082
30654
7322
76811
72510
28435
30350
70171
95471
8580
38347
46691
37598
81574
37233
65097
7303
86420
12535
11114
73750
54181
90014
92315
25598
88508
98249
63950
558
5167
13597
86684
76305
46401
55511
96968
99851
7981
41675
99744
72449
9641
26900
70530
23036
40203
73206
8144
39066
49461
1962
66792
58346
71716
76781
84989
64001
4763
78431
14041
58511
73234
71353
94991
45197
4627
75546
7613
21744
96110
14020
19552
68309
6572
8847
49681
18259
8915
67905
48430
50782
69546
13837
5091
25216
2979
84629
58720
48844
3512
52255
1401
52276
11525
53299
37335
17422
20751
26361
13600
38365
77842
70645
50236
59314
36493
60213
95872
42835
43191
67669
22840
41605
64271
88033
53871
56617
76854
24798
56412
75019
57842
87162
53399
76781
23203
23106
68105
70867
11886
1254
6426
10906
40746
86546
83990
56131
70701
44938
42095
99175
41078
96025
87383
23800
7911
29449
34755
92472
20905
54716
14604
31347
95719
13011
8890
7597
1768
11005
15099
50625
88923
96622
96113
74516
97874
93894
99861
88627
22878
95341
38633
43305
39086
3684
34655
12102
66933
14036
93863
59830
32348
53694
91018
53063
65920
17996
29583
65373
13674
96851
49130
44008
38152
90925
9513
40152
73995
45447
65324
77041
39747
27405
50406
95882
8102
46072
17311
13808
84412
25208
47346
71851
97136
26245
6857
64915
14933
89547
33573
12420
23339
32225
7394
24885
13260
83113
74261
17791
55401
65230
28132
13986
9049
73297
86773
34547
23012
87383
83273
44791
14563
19884
18354
29814
91349
59727
96552
20951
20344
36356
56234
77844
59679
62293
26561
7431
72862
9184
4501
93759
26775
22399
21341
86700
13018
85065
82748
92110
95143
2451
73963
56635
49087
80460
43032
91187
64336
51784
40766
921
54274
36614
45231
58306
61938
20670
37406
17836
47954
20516
90616
38089
55299
59835
61657
29412
51043
37709
25192
81757
36182
56655
13733
12346
37560
5627
9250
51145
3408
85123
11310
39379
38519
48835
43918
78084
58675
13745
38730
75453
64499
60085
51287
75075
77337
68967
18286
57456
40725
99387
34504
88975
97233
82957
58846
33902
57863
61522
52581
54634
25722
73363
59559
14579
6020
83480
71231
51526
97427
63281
50721
64164
14625
41305
68940
98520
87378
70670
59284
86023
25382
69844
88325
63464
1320
61240
43755
39383
84702
82015
53764
55587
62953
69482
35254
19659
54118
6786
21403
17688
58218
31912
86943
53217
52475
89738
93703
56065
90044
44127
26282
52376
15712
50943
83401
66823
81199
15139
98688
25918
27242
60373
89711
66934
56547
52927
72541
30539
95337
5848
82511
69552
4854
90076
66660
86517
1014
22532
67294
56919
73811
63229
96373
3150
65920
39672
63406
84138
62753
10847
71046
31923
65785
55253
45182
5030
80808
9039
83764
17726
44291
70645
70200
22267
39122
74548
23652
48776
4894
82754
29928
18141
70988
906
16919
60944
71021
11374
96090
91190
53034
20227
86462
72642
23072
57087
48487
99496
83595
63734
39205
63113
89834
34490
87972
29128
12256
4289
53179
66045
17646
34833
45802
18178
18350
68393
7776
46034
62547
65791
22676
87634
92146
99266
3848
18539
53011
42538
99133
84765
2184
40320
7676
38664
23836
92823
91050
52066
53975
59834
97582
24309
58891
73512
42023
72484
32398
9979
15936
83633
20341
46473
61205
92202
50442
81860
2142
71738
97251
74176
5128
26320
83451
65165
10070
83548
6736
62407
20726
94906
96221
55060
48676
56484
21242
68380
21619
18321
59772
57243
24399
60113
16546
554
48302
57957
45881
85433
3929
41814
47772
70243
45774
4921
11014
63978
81959
82712
72640
2614
61884
3855
22230
36033
96802
27369
50815
46765
56344
10953
54628
63554
28891
57224
12982
15601
22345
74613
91437
57366
83430
33391
65210
92154
4337
41274
18457
18383
60674
42995
39836
68353
9674
63981
87879
68788
13840
19917
63820
36219
67873
26536
20229
20552
33228
45117
42217
20274
75723
14295
69510
95168
54465
1758
43658
50760
12923
30603
29925
38250
99127
71318
99075
13684
77336
85218
38645
42155
70100
33320
7166
313
3960
93837
50959
22001
13212
6541
54386
17527
58066
3281
8536
38067
99222
54837
92815
39484
5856
14089
78334
31010
8379
50939
68000
94395
65806
36053
59102
95346
13566
16255
63085
88766
54271
77498
45590
17639
74410
86692
79634
29236
80782
28919
34377
23317
7723
53587
89726
28587
91379
97521
2070
43225
31510
55851
20243
58742
50952
76456
58444
24131
75914
33594
60765
69124
3906
30616
93535
98516
9537
26509
49157
44930
92654
2755
47079
46035
66656
84848
82984
12635
36130
27546
9013
74517
63690
96675
39334
92331
19308
76031
28347
68596
60594
14824
19551
75093
51281
12599
39798
65323
33583
22042
6110
34589
94667
57739
28416
45491
55835
69639
44657
73413
34498
70594
66791
43143
41016
8023
95375
9883
47738
76688
95578
57076
83524
38930
24246
16663
86478
92753
78574
41756
66207
93793
4186
74667
72704
34241
60227
34806
1811
62496
35076
99579
27558
62878
94550
93751
31313
68272
73162
19214
6036
67554
38671
97866
75952
45527
40099
67555
89913
78844
24982
69323
32965
99688
74432
56318
60724
80444
57718
65657
78406
31501
22175
24572
60156
35573
4741
96109
92591
83047
94454
59163
6525
66670
83963
66288
28165
24826
37693
53002
25896
21590
31925
49499
82842
45537
56848
63943
63595
13133
38973
37583
21142
51133
3584
54367
38377
94682
5625
72986
82511
46044
205
70440
92811
73902
6256
36202
55208
57999
8108
89697
46253
81007
82306
81998
24847
25719
37781
71979
18761
3444
10964
70045
45869
71451
22373
45109
55931
59619
58215
92786
53909
88322
120
11825
57703
44248
60676
99716
6799
63703
77255
87018
62503
51826
39925
10956
84682
45434
53082
69359
31382
67716
24342
18450
34373
47191
18289
67729
55030
24422
56746
32022
36363
6457
48490
8583
55425
75377
94638
48703
71987
58353
59412
2823
18385
79384
43416
20245
11933
95508
6568
57703
77552
56287
95504
9724
54417
59854
36195
15900
90152
94897
49047
5221
81801
15598
59690
407
32664
7542
5009
54719
67797
96297
14285
36991
14053
11825
93493
74842
57278
5988
52833
3201
89361
48797
81904
36861
82051
47653
27276
95658
24377
5786
56656
91327
2865
9706
44142
59317
98771
91864
98141
12350
69937
16414
73631
10851
44334
80782
62900
64854
50591
57633
56091
33737
70628
53197
56400
88059
28190
66520
10699
55297
55943
50291
1373
890
72121
67769
20194
96763
94489
77226
51459
61672
42836
83909
46617
88279
75605
63996
33600
54206
1837
28050
42892
8542
47920
52421
21038
66028
1106
48669
61293
59338
75777
49017
27930
81129
21888
51114
86894
17311
56777
60275
53235
89583
97184
68014
53181
31492
12205
86711
21727
14486
74213
64812
6103
65043
56357
17949
46946
51605
8652
18819
84153
12039
80334
33166
95172
83381
51848
31984
81368
61564
49075
3213
91472
22484
92062
28859
21068
80462
33417
75436
90472
70915
24747
64316
14170
37745
91206
73213
63522
44481
25384
56932
56140
77759
27881
44941
2435
84743
91851
20084
71115
89150
52036
94455
42193
57152
11301
5422
69729
44594
27724
62871
92425
86638
40443
79982
88237
38715
52252
72515
23798
49049
22392
89957
54708
29816
19527
87767
94650
19573
73206
39286
25710
68123
34147
5269
1764
40063
43420
10979
74610
72871
77042
67196
44882
28918
6773
15858
93421
37416
47337
11106
15049
81546
72225
34314
91220
6696
57554
88031
24284
30180
74518
19998
54238
59691
9702
9557
18818
16980
8241
92961
67170
71253
56701
45895
36875
69593
81062
59978
28015
33330
40101
79611
33717
34800
36372
51873
97347
58355
38222
13402
9275
87560
70702
77777
65071
73796
32386
6578
60303
94014
48516
59297
26532
80261
10591
34314
92895
73052
52124
22957
88388
84654
77765
11014
72259
57621
90687
50178
9374
14280
2638
67160
72960
54321
2280
87945
16418
45508
82623
40412
38767
48361
83975
30157
9531
88739
69799
89141
48387
65754
95212
49310
39850
96229
83760
84023
89025
94891
25977
22953
97009
62320
56933
25766
15709
26725
74392
94753
721
62669
89112
75088
17236
67493
72503
72130
11392
62589
55508
63736
37299
38394
76347
49980
15796
47644
85244
34498
14733
24782
86692
13067
95674
17777
94718
55036
90218
91375
40864
64686
16842
11705
1962
72827
64212
94847
18397
74223
66743
81728
81924
52280
27877
94691
14411
78145
70185
43465
58072
84387
67339
33642
80376
11014
71352
59034
1264
3139
76851
64310
19113
80513
9595
13417
25960
83632
66916
63417
59820
91229
48047
77338
51325
4768
90755
84417
41019
23753
65486
29093
67696
52680
80728
67366
95529
58015
3988
41984
52548
14992
44027
30151
47312
83386
58243
58509
18201
64605
88185
76393
13395
90681
67077
76638
66985
25804
46468
15058
48943
27940
60722
80275
57345
27884
64869
99576
64591
44180
6548
16693
80615
60363
30680
75411
10172
56259
35424
82462
3495
92478
59901
54554
72924
12544
26851
19066
17020
74600
64684
8174
61748
64786
66966
4890
75054
86482
50660
23567
65852
27637
6882
74084
75572
74679
2892
31049
71904
76024
21736
13473
2410
14587
91885
53232
17025
61357
40382
80985
98672
29079
72608
55741
91839
76813
45120
86896
4244
29422
63618
59991
66501
9345
63175
9304
42684
5581
25389
72151
28595
71378
55700
81898
36758
37853
30604
49238
28596
58220
15889
89701
95491
46711
55779
57520
18266
23387
75833
89070
34083
61154
58880
9310
3096
93748
31696
70966
66901
49341
88317
43282
11002
65513
90405
21766
34348
73609
51542
63214
51964
7243
76705
89919
12030
391
21504
82937
38029
96230
948
40830
45543
77651
95402
64313
39886
54160
52092
96507
29295
6274
51161
59292
28959
92571
67824
45163
58889
10969
70015
66932
66430
27706
53082
76108
22754
80226
16852
89470
52480
92256
52736
47309
34157
48699
38746
91588
94135
47759
58442
93717
50
49055
95947
33705
18432
98436
74692
18075
82128
25272
228
22692
78
95815
49865
55269
37509
18720
69176
19034
48345
71402
12106
19482
51025
23390
73548
47260
74586
4256
23198
57912
312
25652
20017
18961
28245
10610
96806
46331
36445
69624
704
33973
40470
21915
81093
99169
38765
33948
58022
55052
18959
36560
40401
60460
48467
88010
26159
66246
67412
95671
90425
65178
46184
53615
9417
74997
72940
29373
93000
81278
53212
30220
44492
92729
11423
1737
31984
46867
52714
94621
64311
31718
90950
6934
62802
63530
14273
40757
73820
52367
99842
66401
27479
35707
67910
12491
95597
56572
68133
85131
77119
72819
97210
81205
42490
23820
84575
33914
2917
79407
48051
39004
52256
67684
67696
52963
81703
71465
39352
98533
25989
53347
89137
46244
4603
44177
76507
21993
62872
47007
42018
56208
53811
91377
59827
40836
49891
11743
95588
28039
23361
83929
46122
44348
22933
26805
2641
48457
19589
41852
8358
70748
96502
90992
1589
23165
51893
2517
39840
25639
46698
72572
64031
78832
17736
57134
92141
35613
64657
7441
61029
20811
30691
57121
2967
4142
21434
14162
60561
76556
45116
37640
69819
15683
96198
84978
87953
26870
92070
74391
93505
89036
86851
189
50094
77350
962
95645
6959
20132
91318
81106
2238
3616
33590
30480
18981
59419
74335
51821
11896
62710
73375
16981
39677
87273
84415
72693
79658
7830
67503
98074
23801
2928
7421
99613
87618
15176
33413
59127
49836
56791
2308
36179
4053
63346
81311
99851
39169
48575
36828
84780
25760
57130
88432
8123
74817
50621
30380
71181
93096
26680
37404
48477
56698
5887
53230
31916
75741
13403
72354
1896
5791
89630
48895
74167
28392
6649
41116
71552
79848
90159
61806
51567
26147
2822
38256
23107
58880
75687
8583
75847
34648
77970
46681
52479
93388
66625
30659
55822
60478
57582
30978
23319
34332
78161
67181
30752
72632
1427
91636
86805
67495
59110
46955
77577
7597
32023
60630
5188
53901
5076
74486
26221
99719
90793
77387
13676
81154
75507
47938
75737
14849
17106
91758
25618
88864
99149
96702
61611
4001
73418
30546
19370
91951
76629
40112
99473
81566
15504
91792
65735
80355
98540
81693
68322
12336
65870
89396
64277
23885
97494
95415
67825
70182
13636
2885
96775
26565
80913
21708
13285
2156
77440
13751
85581
58563
70438
49383
88941
2754
50098
35750
34168
74861
47351
92802
93044
21734
48704
11524
23436
7383
37455
6901
61962
36623
66769
35764
17754
78180
36937
66059
34265
82301
80971
74718
4396
1616
30745
14155
11966
74990
73432
81560
18613
35161
34623
60762
38218
97257
71416
29433
70894
37298
52993
17441
50795
47501
9195
50743
1726
54787
56974
28121
86373
12247
62733
83145
63112
40776
4173
75885
66898
10538
63222
19368
46487
67338
72191
47506
3678
20232
14485
82354
63060
49245
88636
32131
19871
54780
32036
17428
85677
44367
3852
17102
88833
17111
26883
37362
80468
44994
95815
65366
59516
86546
71568
91398
5744
96764
69852
95436
66916
69471
1286
1534
17263
45054
84544
34012
65772
74872
62431
40368
43951
94444
51415
11898
953
10444
14660
46096
38768
52162
6069
8106
18581
52817
18786
18469
40336
23551
78376
80368
96103
30467
88260
89351
68892
96054
8779
88949
40969
18360
27008
71438
3504
97689
25211
93667
2173
89278
54760
47826
96763
11489
60277
89426
66060
88877
40781
26124
63719
44800
17791
93193
65179
35787
909
5402
75941
87054
3137
18656
41659
33362
885
88672
70103
63123
98740
55091
14916
64471
98659
57760
20828
50866
64849
82650
73690
32682
23725
52544
57798
78247
41470
45709
63871
85849
8667
77990
14751
18832
75317
55403
2360
64202
48208
40554
39394
28749
49720
99210
49620
38537
35852
81882
88783
1731
44174
41245
62622
67003
60730
92427
51104
80408
97011
33497
3036
58459
40827
10063
93896
33085
6350
59788
34479
20933
15450
50987
84136
42983
78907
1361
55127
7430
65548
29518
30498
52167
82044
39686
1039
2749
65599
70850
5746
78814
47989
63988
94751
43178
74998
50916
74533
21377
86769
52237
54684
14037
10678
5768
74216
7888
94560
88561
94705
89109
89594
43678
82192
22435
84576
89840
62399
84353
20484
15632
47622
44292
34451
7250
99914
30779
46431
63163
19073
93577
90376
55267
60546
16605
1496
10979
10880
48927
733
83881
58704
80302
44692
8597
11178
14
4726
80354
40176
91879
91091
23277
85827
87859
60851
81589
49447
70934
55931
83499
45036
89618
16662
16250
42200
35218
16943
25108
20442
11791
45944
26791
29935
2517
53161
56705
79087
13828
6785
44855
25387
42985
29565
92818
92853
51505
16837
64228
79098
74677
18981
72396
95373
69667
75843
43501
86300
30890
28354
7090
95975
75745
5328
7280
24838
30071
51223
7459
91879
82797
38613
73227
7739
91733
18043
15045
90986
59665
9707
66706
92007
79344
52669
85688
81421
34321
19978
73760
51729
46165
74249
95304
76310
16179
51715
96750
23176
66510
3283
14555
53938
17202
7933
80162
34413
97357
4016
15882
33230
89057
40530
86690
95429
69469
5039
89479
18985
55321
37488
52029
45645
51630
61672
43880
56271
53782
78888
21013
84237
54
78488
29617
74643
78015
77132
28328
75354
67168
83661
61138
33356
47776
55596
21898
13333
74459
55215
50796
88741
66230
85054
40184
2371
79677
10362
37468
71409
85844
6795
86115
83478
49789
31695
9189
94067
50803
90309
49751
80537
2758
48472
55326
41905
38175
38898
80985
13278
15278
97963
16776
22861
5052
8522
7237
84313
84596
60831
714
70473
55517
37590
7529
48245
30297
17585
67407
66761
42987
74278
93002
56035
37746
92002
64736
46040
57362
61571
91317
79422
51564
47942
41923
43681
766
56632
29767
57844
47236
78034
98550
1542
87164
47629
90169
94653
96688
97534
68118
55972
20626
33170
84071
87672
62675
10728
1376
83147
89038
69598
32812
51067
19502
47060
27957
72218
54119
76048
42322
52056
30911
35059
68627
22946
54683
75601
44180
26550
21997
12423
5271
1823
24763
69838
51753
45276
18917
69531
80316
86908
35290
76093
26796
7976
1315
21990
25287
76150
50482
24178
3959
75587
78067
21410
15488
92994
25293
4357
3425
14663
88926
23015
88956
51988
51109
38048
50243
55817
32444
22870
94348
15779
61254
32066
54822
18095
27302
83896
41960
15321
58769
68756
25399
68313
247
79646
25869
77086
6276
75005
64704
54538
1029
7369
83170
87801
60068
92911
20092
26713
99307
96540
54101
81311
54659
44024
4260
19571
50295
10249
51670
76036
77621
87391
69162
82518
99185
28146
57806
58151
36288
75862
42626
83379
95982
88630
92794
47295
94318
66623
13311
91536
8771
75858
99076
77161
27372
79330
29386
43951
75874
89503
23447
7415
68350
40222
86403
35223
64103
67418
38888
77692
25561
25853
26556
68353
27568
95373
19443
23563
7603
49953
62444
64761
43829
10643
12956
41153
24448
70551
25613
72043
53792
72899
40185
68060
86021
14339
83022
18388
27698
95456
39114
33358
82063
93300
25265
60600
3306
38348
59463
42318
61680
61770
94828
29397
11456
58679
30916
77390
94562
33567
76945
37538
94217
62971
11935
62503
74336
71113
61113
90101
19049
70342
32159
21757
81343
53544
33009
89224
9418
13395
85671
55359
26574
50998
7236
54781
30680
33378
88357
73751
71682
83853
58720
14221
53490
85559
38216
79388
90950
41036
22101
68928
56767
5354
45135
38527
34602
58968
40694
64343
13493
39719
72053
99173
29894
90093
50621
81298
77977
72074
15945
59673
85174
78736
11594
18630
47892
14448
79428
82005
38672
63427
92100
36256
36777
84410
6522
1804
77596
48617
69324
90659
66622
93037
53385
14879
67757
43778
67500
81922
53355
97352
42471
57934
68633
19398
46035
54714
43875
74246
52467
27487
4497
82674
59786
3786
63627
33478
18534
47367
15263
46252
35820
7951
42293
88467
21779
4791
49366
2262
28968
58977
56475
87298
35673
35303
31517
97221
43024
40340
16737
45745
39919
541
90325
83146
86078
85919
91544
28887
14756
52423
96078
52962
92365
67502
12533
81310
45040
71094
54273
39924
5375
44978
79687
27090
16318
79649
20565
7761
75558
36153
92559
30249
89485
96302
47354
78469
46529
65546
52391
27967
51058
82787
12161
76648
88498
81866
77689
82157
6604
84597
3945
47317
58028
27407
24911
98864
48736
76573
13373
57559
2768
1599
83792
31590
36577
56169
29426
7244
56863
16941
93385
3155
72780
80575
41802
12719
32891
2469
18044
43850
41295
34533
4087
51420
84750
25068
65158
36325
21293
11253
78747
8068
90517
63060
42722
81625
2293
43143
85162
86450
38263
89507
16322
13661
52379
22413
59169
74726
78488
74392
220
88654
15646
59730
66791
67585
12845
77744
13798
95534
93945
23403
66947
2418
26166
32416
13334
16641
53004
38929
76523
94816
60901
63125
28561
70008
37840
87443
58072
28048
28011
48006
83569
65995
94074
49528
8636
95409
5015
57492
44683
48854
13603
75213
90287
83804
64071
38229
77476
39771
33591
14142
19145
89207
53457
41278
10524
43293
59113
40517
43212
24298
78774
69507
12444
69173
48169
88365
41128
13712
51062
42471
14803
44630
71116
21590
87455
6069
62036
97314
26740
14533
32848
18212
30809
44831
65143
21914
29251
24317
34152
49071
2479
45478
798
52975
28572
86148
19553
4797
66134
33080
34243
43683
11879
95379
13099
73951
68349
41666
37745
28884
30608
48333
46496
56474
29084
39531
71306
56232
47314
75718
70254
15571
66500
71149
58114
74416
45104
40323
99679
51051
1434
82968
7337
80701
22424
59401
16255
8836
49416
24335
45775
30307
28090
42695
91433
23425
62061
35356
57883
97654
13556
86920
5054
40700
11663
63352
6743
96777
21151
2230
92363
90087
73313
48124
54141
40257
64290
12996
82561
10080
29716
34348
64917
15759
68135
38613
67659
43189
57132
29155
4159
12826
36847
84533
67033
93145
520
59044
48994
44626
78488
32963
51855
50959
70881
1253
76366
99696
71971
30341
1964
4453
91500
53524
84224
27693
26202
11839
47930
67219
16528
54363
79278
82589
39664
55340
41895
14197
23120
18202
26261
30432
65803
33545
80533
86801
89361
58816
42939
9563
65059
56402
83924
45321
20875
82311
58871
51667
93035
50843
28471
30355
95694
79855
81902
23206
73605
83396
96136
47053
98352
60456
58078
42840
15959
44231
60822
60315
60076
96606
63776
14860
24929
47635
95676
37380
97928
31506
48419
47123
23743
26539
48728
93470
30598
41450
96991
29811
41944
9117
83108
23193
44189
64877
8240
3445
18458
92197
72097
70960
56404
45797
20585
54016
60988
7024
96668
16800
83658
73937
8246
513
83371
92046
68902
40172
39493
24975
84564
35109
59708
99872
34713
90465
57571
6730
64197
3155
71981
45444
25101
8437
24228
95177
88720
11924
65006
75520
1345
50781
80634
2388
98710
92629
21349
28536
74920
62903
33883
94843
14597
94433
6363
73105
48086
81692
14922
30265
77376
62582
45482
24350
11167
31459
86627
59390
51340
65769
81918
43056
78181
54086
44917
60968
67383
12701
42330
25834
57657
71963
53679
91543
42144
58264
21393
60686
51228
34513
16426
14946
50528
55571
28692
23167
27354
8194
7592
22423
84904
67244
25228
80496
13174
13933
16961
85578
85925
68661
31395
90628
40082
56372
78466
51284
6844
78244
92827
11732
10367
98503
51323
35998
56878
75621
30501
77805
19590
65529
98458
88078
11169
83006
55370
76108
63323
81687
85782
49234
7593
33866
59422
66919
6770
77060
76169
51627
5990
12445
93197
25151
52681
64720
81385
63579
59751
52520
63635
71405
28528
77898
36661
96517
70548
16908
8602
41367
47415
25078
33563
76667
29631
66914
81402
64874
90159
7898
166
84089
26053
2967
8843
81439
66411
67563
48612
53163
6672
73248
77611
81946
56700
57278
62082
21939
8060
8705
6342
99648
7589
2172
13371
67584
93248
5633
72630
41344
82139
3547
948
80726
10778
66996
55728
39136
58111
34349
68522
79924
87854
85535
16526
87113
82064
17489
40911
20571
32488
97247
69992
28611
29407
16158
47980
6241
87445
14913
41506
75758
75546
95791
48369
54138
88565
31334
40168
26935
74637
95515
88552
87473
80041
26300
44871
29188
53033
26342
29843
50033
93962
19854
5266
90333
78600
39562
70028
28888
79816
97431
72822
34174
65957
9931
85050
34769
22085
50716
70308
25830
58237
67455
42401
52801
49931
77105
99260
81338
15026
4102
8872
38990
59491
31625
75077
27900
78659
43447
99985
88001
93346
64913
79053
73854
12321
30816
22588
19274
57095
72725
66495
17698
72583
99622
11204
97218
28659
99340
46643
42706
39019
31909
92775
73377
98353
12638
36429
65120
38562
5286
25944
76625
40340
83646
67662
79658
95371
58586
48288
76680
61659
63369
52324
29208
53670
46251
24976
72743
40983
12124
52520
78623
78855
13407
17582
37188
61170
66916
94531
37935
89347
42868
80608
39311
34486
26413
23004
67168
561
12213
16065
42350
46825
77029
44244
54741
64588
30676
67407
56439
82527
23686
71810
28161
69686
83937
16968
77998
47442
54325
21320
68474
22395
98453
86159
34585
21697
91270
98301
91296
40814
21720
69707
97516
25633
44152
23533
51659
78939
31945
63792
51355
99394
63369
65828
4641
44416
49890
44162
14020
48087
97491
24011
30253
5538
62173
52783
20156
11037
60434
85416
24229
54681
42368
68019
16985
68812
73442
51357
1160
25140
52162
78261
52648
80433
91815
13393
70889
73937
1504
76104
24195
71903
37527
85353
20016
32968
19827
94842
39517
26163
38114
74884
23500
58584
30462
92522
93689
57183
78589
49406
79254
44603
41689
34413
25566
94668
43513
13844
13079
79733
83939
68554
29313
33803
90411
6863
5984
21792
40884
96157
26734
57812
3494
16698
7877
27432
3767
40101
61451
63248
51136
33922
27593
3218
52394
45596
57281
68695
97973
44496
12487
99296
50588
80144
62480
61060
41215
44486
54109
77099
5991
12140
889
78989
45845
81175
37092
74533
2002
1195
50812
94320
96452
70605
47426
25314
24701
42959
77508
32553
866
20470
83020
85626
84439
21186
97782
94343
41362
4883
98142
87029
33328
11161
9906
55584
42430
50664
98870
86828
37053
60257
36395
75522
61107
16590
27889
25
71709
39116
24295
66817
6195
98807
43126
72231
43979
31419
55678
68745
3498
40766
51174
77320
28104
94367
27380
20303
84030
8260
47709
39851
93153
71365
87065
67424
41816
54611
12192
52730
86247
61065
39588
51756
56360
47297
7082
30747
41370
92234
48230
89429
75863
86432
10779
29813
89886
38048
75166
59538
99588
82381
87582
52553
24304
20806
1687
28540
99955
10526
49220
98708
28184
9974
89539
20471
45869
83288
81331
24517
85515
96684
54196
48497
98665
67687
55240
6199
55323
61228
65467
56272
14326
73992
57202
81252
85483
99008
46822
85209
71469
47622
38069
53900
2385
70154
68225
69490
68480
63624
77629
81334
37886
55296
83410
6727
30130
97202
41225
43649
10418
14989
61004
66459
35318
55624
7035
47070
20707
79236
5001
96553
24730
62749
9254
41925
49787
47945
71405
27566
87072
28030
89762
53564
70490
24716
85798
12669
945
60348
56517
86994
35461
20780
55860
33549
6430
16178
32112
16400
406
54087
22722
67913
15821
69964
56420
96502
1957
61322
67216
10378
89160
14959
77110
32196
11163
73234
75172
16615
73583
51490
51986
49638
69692
72183
37698
30685
54936
25475
50407
31440
51206
91144
13234
1064
52082
53299
90
51939
34619
83309
15529
83737
88942
78572
78174
62726
43518
32614
15926
81088
47518
75484
77581
17524
12283
34242
89365
7698
67300
88794
60635
95089
3436
73183
10510
74152
37013
41842
35404
75663
90913
24968
93838
65299
92380
2236
49865
5327
83149
95815
81579
35296
58734
44982
3638
33887
61636
81710
17750
55859
5875
7547
83092
36904
33601
64993
35248
64728
56446
49559
52698
52727
34556
60516
5475
63963
12489
59117
29146
43793
59690
10860
54598
95515
26646
17933
71848
17937
99610
94960
36670
70023
98308
73002
24435
27510
75205
21654
62654
26079
84249
88168
19447
24370
15206
11488
57221
64194
28769
38219
35303
963
40179
72316
82829
88462
38588
90789
43433
78783
46022
22023
30743
6353
82643
4852
15943
83804
77620
47871
62855
15806
7372
37127
5325
59605
19353
84187
71145
58547
69916
10896
6622
21579
9077
38971
92544
22904
91980
85019
46811
4976
62905
99313
58262
2433
22777
44225
72593
48808
91553
93348
30889
94457
86357
99710
73781
55291
74933
8651
19311
60812
85343
87743
89334
14699
43125
10618
56754
51133
52501
8782
39832
27130
50322
33735
98234
89078
64575
67149
47540
81431
32681
94542
64178
10064
73878
12214
76437
60846
2318
8922
67314
8511
84566
38190
69034
73090
7245
56565
92973
18084
54666
67593
70821
79335
3677
59680
2706
99627
53417
72151
66415
61862
36284
20816
79506
71673
95488
70583
10884
42322
63362
24059
75626
58949
13626
96253
89936
53122
24018
16256
49705
10961
87421
10065
31695
48825
61283
68246
7312
98655
86883
89048
18489
20920
64340
73196
33854
57736
79301
73679
35315
47600
8467
77936
37570
52871
42288
83969
50121
34931
69344
91182
4759
73949
24635
55024
41370
59717
54686
34897
20169
22947
42105
14591
41867
39578
22380
25131
66944
819
3989
2445
94037
90085
29292
71721
56723
55819
22
48286
74765
91022
68323
91277
70372
26897
72641
35511
87564
40193
71800
61828
76419
51602
33531
63504
781
60841
89080
57842
86199
65336
69383
78357
52908
94592
85561
77248
44321
79630
55941
9301
5258
25731
77197
51657
88033
5445
30271
95702
93051
86528
10300
18973
10986
20378
16983
68513
74026
33883
6824
3353
94105
24020
49278
14493
79373
1013
80387
28509
76690
96593
27254
49437
78020
42407
99752
5052
54331
92374
50876
77711
3552
6458
73017
10932
95037
39160
8804
91611
64107
93386
61321
15723
79390
62208
56990
54124
11417
28910
96500
77626
15827
27739
95390
99447
81349
8820
85215
62203
52364
71477
77277
24268
67335
36138
78476
88346
40340
269
33290
35087
7038
8656
32732
86969
69969
24635
84821
38346
39110
78447
67272
84450
94863
48624
97474
48466
20350
4898
65376
34552
5706
99816
52418
45449
12705
47332
25773
87302
71991
70836
99823
53267
69356
4017
58245
44660
17991
41169
37298
40362
52533
147
41898
88547
98286
85585
50637
44444
51275
49455
38209
68370
91565
81239
31104
9180
91182
64338
4770
23902
46244
79302
65986
87413
2208
60065
351
73025
57652
13176
49897
67268
47870
70676
60238
62780
16517
55349
2919
70845
58143
80224
6791
48714
29714
89236
79073
46122
6442
4448
2746
1510
8198
2697
67484
92347
16500
20126
10815
91783
44095
66111
87464
56668
3219
40233
76395
97464
34687
71788
1632
80071
89161
98516
2058
55791
58788
91904
12365
38154
90031
34279
75577
53534
55042
45363
14438
28210
26250
80434
5218
24547
92269
31826
45595
74475
58096
35876
95111
61699
26483
59673
48433
36433
86504
22518
29551
8562
31384
60675
24848
80254
7645
12369
28513
3977
17408
40596
53255
77743
77765
79623
39002
44775
88339
57024
31962
53379
91139
32612
44495
76802
76479
90144
26099
68137
99317
43699
39518
96239
45734
14862
37129
32635
82836
55730
98551
85611
10285
24637
61896
75472
27025
99439
68424
83311
40699
19506
66916
55354
75255
18350
6572
12728
60464
65276
39932
97137
89049
56131
49480
72196
36900
29179
88897
21202
57462
61445
20673
11631
48293
27479
59381
45702
88345
27018
42073
80469
48698
61324
95868
40643
95361
10789
53766
45538
28438
69541
57466
97121
23236
22783
99498
59202
26213
96388
74507
169
61202
81132
98473
39534
39522
7541
47266
86541
96605
59353
99278
43945
26999
16121
83836
10006
2220
47631
60672
16564
17523
69001
40051
59205
63402
60545
62074
79058
38149
62833
65730
49546
46738
75815
48064
8925
61105
53247
33756
20144
41017
8502
82830
19239
52530
96904
99980
16468
12298
48512
1254
18628
90482
51968
82140
83097
96008
42088
80835
43265
95433
26378
8472
19336
68593
43082
3463
3950
13228
91344
78061
51574
81231
17459
85099
82905
10771
6697
64540
81735
95451
99586
53827
70182
26866
31308
85631
42714
88632
80089
53324
32550
24947
22358
63151
28655
16105
36306
5794
43904
77567
92112
54458
95606
95757
60757
70954
53427
68083
17318
11361
31815
75985
98370
3859
20137
79707
74220
86106
78759
59128
57692
67823
75335
28263
53331
34399
62341
53154
74085
54839
13896
69548
77014
79315
12728
71896
4118
11815
57120
85720
20071
10737
1338
13043
13824
9123
49223
461
25578
73675
81273
32981
44531
79672
53217
617
79535
71583
15181
34463
29713
75463
23732
88955
35283
66615
93066
76296
47024
14256
54772
9693
37173
91040
1460
76420
54695
88550
38375
50219
80360
82622
49764
15846
75831
45764
88014
5336
48241
54582
21373
39441
39171
34366
4607
60727
98141
41846
15250
25555
56457
82543
93792
3189
16415
5289
35390
83416
51589
26082
12403
17128
17520
98902
73137
93536
86744
88804
53874
30195
47387
81106
50589
4673
99070
87478
33738
42202
49386
59015
89643
51955
37278
57819
80476
93963
95431
47097
98311
91068
34160
69600
38702
70096
53643
43117
34739
58329
41085
33788
46814
98229
48314
71609
62322
81557
80996
51104
41694
12562
87806
89069
46439
19259
92803
78086
22182
48896
84934
76704
10856
90356
81104
43635
28058
48156
99383
57040
44202
39018
89651
60424
6338
69345
55874
37520
71214
68476
30589
86126
64426
60765
79911
79056
76695
49793
64964
62511
12295
59268
26560
5324
79333
34716
53940
51984
93085
61719
48304
88982
94491
10827
23848
21225
90680
65524
74673
14941
19396
99474
49266
15116
24180
3035
39680
93500
8973
35002
6926
61718
89125
84205
34422
3878
52899
99373
43376
47276
61551
54959
55462
13922
75106
30940
3544
45869
81882
15301
12613
57205
89215
38737
67471
87619
97547
21752
63256
87616
32285
62602
36580
61937
51822
32824
85631
9911
66716
48604
54018
27864
19216
35473
31495
85672
52170
17114
42005
95865
4892
40686
76182
91320
24796
57308
47738
93046
25737
98190
4361
35663
24256
87096
40388
80622
22290
19353
9193
82319
75355
51328
60051
82667
75236
21597
47948
42482
65163
53227
4382
81912
94222
16644
28714
23461
50358
93626
11866
80988
9288
13352
24013
90451
61920
93484
84243
18722
91424
95348
76949
16173
22170
16393
23454
21728
81948
74047
55185
41911
12002
3571
47491
89062
39930
4740
92827
27654
62753
48140
94291
54444
48802
73212
87859
48843
65246
34360
69948
32672
56013
24300
9377
67834
29507
74778
30098
45167
89092
71668
20906
40094
28918
90703
37873
88571
27339
84589
77086
79832
4812
37669
41357
86301
99778
75908
43215
55331
84153
77607
9346
21810
33487
95237
92313
33043
42410
35210
2949
43203
10373
7112
54372
18015
44682
77645
7661
49212
21156
93746
26522
59256
7157
38910
53559
97209
69468
1900
56702
52437
81647
98555
8065
85227
64290
80961
58268
48803
13404
80609
29493
67730
23101
43198
95636
87683
72412
16857
56264
9694
98135
27919
35777
40310
96075
87638
90631
17738
6174
51894
38529
86699
53213
19894
91387
42779
97462
888
57927
22196
53004
70873
20279
43253
48574
54524
17199
30584
35998
53011
57494
74971
64468
80805
89197
87155
59352
69610
35284
84632
87375
62634
82924
45089
89046
90879
56551
95772
56849
99332
21659
56161
91070
34881
81478
66898
77451
68471
94811
22863
94059
64692
59031
69294
87835
2257
68808
59015
63764
86503
21487
4976
71939
71242
87299
70588
32262
3633
99023
24984
21108
9837
91222
94982
88974
32975
38914
61444
1014
51298
22362
6174
37150
48644
1142
30051
94068
18906
65342
12810
98638
60108
69364
42826
84065
46389
20205
67493
97721
59786
47179
42483
75337
29724
96421
85954
48023
89276
88065
8618
20015
10545
21061
39805
68026
40033
94837
40499
22313
78672
43097
51031
92326
75382
86243
22348
11912
77258
64821
17983
4247
56253
92417
41618
57506
3897
31399
86845
12523
27662
36425
56042
58299
82455
76971
32120
67886
77777
76081
41036
84238
35470
36115
19664
58341
21916
11560
18931
71460
63183
74261
14608
70323
60463
54194
38427
85968
35485
17423
85345
46313
24759
46975
29948
73867
40644
35553
19871
4323
94150
76473
44883
32318
61451
69185
17556
12117
20417
51422
45959
81079
50478
74354
23298
89108
50765
4594
64063
85568
45977
75862
1140
79427
53959
20713
53273
27014
11266
36702
25392
97469
34739
78748
50542
73915
79317
76935
91123
73319
9774
66552
77075
53827
56491
25735
71394
60757
40839
41977
62711
23382
68638
76953
83260
80049
48163
58878
42492
70861
44524
28947
71689
87562
66048
98992
40202
16595
61605
49302
87969
69792
60770
67239
42609
88157
89448
86846
56286
97620
94728
33267
32404
50164
89692
39477
94604
59690
16797
22080
59455
73347
59919
18210
11857
76765
48701
27675
49551
76071
81779
39297
57270
52969
8508
27576
29616
8176
87734
9146
92564
77411
64349
92405
38144
8137
13313
64486
76409
42105
1867
5749
10658
25342
90427
49275
16767
2073
6975
44746
25244
5115
62205
84469
96657
37353
24311
53251
27992
6368
24105
86558
64217
11776
21557
59342
15450
5119
92815
50023
84650
88229
3215
86407
60508
59638
6922
86080
45354
4711
22696
98689
32827
75476
61908
16483
37891
24339
86864
64953
7130
14995
57967
25063
78990
63555
29015
13059
99691
67466
12562
19252
25259
72452
20909
39053
64801
42777
21633
24922
82337
56811
76397
2785
16735
2349
78290
99317
39462
4951
21831
20755
75031
97879
16303
88408
76172
98627
59483
42053
75540
27129
26620
51202
91584
31469
90519
15617
22952
3539
41032
8607
72976
88997
71870
28166
88400
95724
28847
11372
80870
81444
5990
81044
52678
7870
83287
97095
27424
12826
39955
96918
63802
85960
95334
89573
77495
20449
60529
5920
63528
62472
7742
89251
80747
71656
28338
53088
19849
91504
47513
54005
18347
53191
88301
64272
46509
76045
72780
28579
88713
2718
44342
96139
22680
57848
42726
76506
87401
96028
59390
69264
5532
29150
77769
28770
58897
97259
1593
63705
6295
82188
71006
36789
5272
38504
67608
63525
22931
46501
3982
75987
9837
88594
93161
51820
12935
22934
94624
49841
61600
82413
58451
42721
327
24640
54507
56584
44919
75184
8085
4944
73887
16642
9588
68555
20568
21925
30810
84170
87255
12198
54938
93480
1093
47759
15058
42782
58980
64646
41075
2118
27434
97478
53161
87
31302
93621
27140
94472
81022
83405
87790
71072
95389
8267
56902
49526
45410
26276
95616
1117
60071
93546
15117
17380
77870
74657
30792
16426
7345
90987
53364
69506
27942
55449
7524
66312
32820
20397
20580
29407
63894
25037
16795
20885
79153
87915
10605
218
51331
86558
98162
3172
40938
89167
30074
58954
86884
80710
20166
18032
39410
66440
78649
33756
12300
87898
48366
57631
10100
9140
26180
47188
76605
11338
42075
58249
43716
13219
86427
61316
26073
54624
1850
1772
18429
85785
48199
58361
33641
10266
31901
77499
5462
18260
99738
18869
94923
59998
60428
23084
33875
38432
7618
76973
99272
49390
93629
45980
12045
66642
64037
41580
97164
87601
78810
76085
98148
70312
55059
11468
23402
2041
27812
14816
96748
30161
10594
96714
81827
8178
32522
53444
45746
4478
62845
86376
40968
37696
79569
7650
69026
56182
27504
95133
99290
16152
16871
73715
83641
49081
19056
84504
93333
21749
33875
4521
54148
4671
70950
35471
25695
70027
65869
18465
37969
43370
76559
66470
88944
44858
19517
13650
67170
7144
13331
36214
89305
11661
21083
79654
64101
9310
83256
22661
97411
24875
62984
73222
91137
51969
7647
8111
53753
94482
76906
39224
43963
70457
29627
55814
56334
41316
78697
47103
75209
4387
10908
70779
56861
95213
43826
48711
56889
80376
73064
26772
39839
73152
43864
63651
34582
83644
63937
17959
14598
50282
88983
58434
40857
25530
80361
82203
69392
15140
27303
66606
57122
99389
77330
1779
12445
77294
78468
33736
73271
65347
1948
11193
74395
98060
14622
48544
32612
90249
79303
82166
42477
63365
21152
78816
11752
99176
44165
86499
32148
4847
68062
95144
54036
64220
7260
52222
66818
93691
6853
58511
49464
84530
11164
87143
86147
61560
21729
95670
21029
64047
83929
45511
69896
61987
64636
53906
62461
45503
56921
29446
75926
88315
52532
47437
33186
61440
1
97117
37831
42170
63676
91018
64198
2373
76994
59285
84320
68950
61828
62103
16
77696
76952
3941
28850
64936
13722
77234
94001
84648
20636
78844
81777
58571
74906
75094
45869
75742
3886
80864
24955
2373
39121
14423
9525
84862
53625
22340
687
32027
23481
39069
25010
38007
54162
88860
62325
72861
14021
78639
46277
47644
80883
76322
28255
15220
57450
47635
86503
37859
35668
97311
71060
9139
76492
48685
80774
8012
77307
19147
10336
51918
84828
27846
21688
53977
61089
60496
5012
50440
47889
42979
25043
82129
71772
65556
163
66252
83140
49732
97766
34757
1696
23351
15807
24831
36609
11303
83878
67224
22799
72887
30598
68054
75097
10096
26066
24942
57951
35845
47843
66943
72840
19782
4172
46885
8963
88873
36828
74002
78260
30650
42293
53473
7484
14423
94460
8361
7401
34168
21868
8797
36227
66838
32504
64947
97361
90730
48753
98520
9715
45291
95192
55435
87481
67933
60679
5806
92487
91323
42968
29931
90856
47975
87635
73531
61247
97120
51642
15011
34476
11881
83020
82565
26969
15144
73940
33389
45741
94074
65041
51616
87455
4224
6848
35898
64882
37768
6743
76307
26794
30259
38341
18353
5520
56451
10142
93089
35642
72803
55635
57523
47283
5781
90431
72019
79000
69154
1844
62874
64164
98579
8383
81229
47485
14552
85410
9303
90313
98069
88374
25080
39109
5863
92948
37939
701
94370
1432
95075
52124
86092
57246
49241
13848
67219
3008
4716
70398
10704
26884
4010
10467
15501
35500
94411
82971
76726
63628
33926
3754
89068
19536
41891
84346
78625
15016
41308
75021
37986
94326
42290
84850
23818
58704
15268
25788
73702
69544
53955
19988
28843
15661
56913
95111
752
99726
7225
56939
90573
363
22691
67895
43630
25222
74340
4387
63581
10573
42587
16153
72417
81501
56194
95343
85819
6464
6189
81752
60624
87747
16451
48683
59295
77988
76190
1331
96970
10380
82127
10434
94141
60103
67196
69483
52041
56210
37293
12051
82877
59639
81750
1280
75528
69545
55565
1147
19649
58714
42230
88058
9977
78422
66761
15076
9012
92360
51263
85177
52330
25947
10509
27126
5949
7403
1470
84257
60743
49658
36411
1295
90520
4686
5223
2458
46707
34620
62689
58165
36360
65073
70977
97016
47746
67367
50413
75730
78232
61987
83291
92552
39450
43449
49467
43632
46312
92505
78356
11233
48374
81979
94926
43445
66878
63755
99292
96969
66502
14580
24507
76895
1601
96091
25155
65329
12912
48559
64099
18081
33340
3180
87789
6808
10618
14928
98553
29020
78401
25044
39859
84013
2470
98345
5084
55287
370
33200
76518
39219
82692
61003
92807
65870
19278
67277
69841
30443
60813
88207
70240
76112
18955
60299
76730
57695
34376
44267
50265
5295
81118
96924
50340
23532
92650
710
22941
41619
1205
49264
33893
86475
18156
71763
43367
36219
73334
33297
11827
87108
98325
49868
38503
54092
85803
67766
24185
2051
22166
28871
62098
87410
93699
69468
38521
25584
20317
55884
45042
7695
71294
51736
4222
51360
65872
49137
68633
90325
54841
34949
13422
84251
69284
9411
57519
63181
29321
11368
34174
59751
15214
92423
98500
95442
37234
62867
282
65431
25945
58317
36377
73482
40569
68266
55145
70674
69988
71899
20757
60571
63686
71188
78418
5272
49427
75577
97651
43382
74793
92074
51622
31132
81607
31223
74629
72623
4674
94045
85536
33306
23496
68879
9953
88041
10492
95162
79583
21949
36120
74429
16719
47548
75364
86588
6329
6797
86601
46308
34751
10449
82179
56116
582
98228
30794
38076
53341
3504
70103
68917
44415
50245
34327
35733
29328
26874
10999
61058
25975
69338
61311
14667
246
56781
15019
87133
93715
18273
93158
27835
79276
82022
12785
58395
70723
39685
32377
41731
63199
68692
47002
18537
11344
3452
12562
92973
3546
57574
45309
38080
61188
25127
53705
58417
34374
6436
8653
97038
26363
79103
71732
6284
69500
37736
9254
85238
88736
74036
54758
498
75170
53996
59501
1737
37408
1891
28025
64778
66387
21507
69118
99622
88064
21472
67220
68015
83061
88278
81237
62369
37403
39646
36661
47787
1014
46603
90259
50993
85048
42282
95902
827
89020
61535
72477
50189
39856
69498
9693
48545
25142
13690
59977
1267
15799
33684
52573
36474
43660
56063
80978
70442
43527
13437
54586
11195
51966
43086
93111
77057
25984
50395
23582
49655
79473
64932
903
48038
47569
400
28638
56184
8863
39742
25532
31125
80020
85232
36098
60916
11290
83546
31723
66372
89859
28788
9170
77790
43833
51227
17242
93768
82928
99483
93361
32185
72378
48057
82948
99355
71621
96163
49350
38619
11558
61348
58759
68292
59986
44244
63938
15125
75251
11779
47932
40844
51690
68280
74792
59676
77812
82462
46118
45814
93593
95951
13872
68333
68636
71249
79094
25417
90253
79466
2526
58887
11831
60628
81044
28814
528
80237
61939
98873
39989
61867
61716
42411
41154
29784
22547
42364
47643
12859
20724
50058
63058
58248
1459
82257
89919
20961
66423
25565
14209
19747
63600
12321
39678
71061
83593
97670
41203
75177
1281
80063
62468
72972
35115
95016
35622
59196
86920
73082
20588
70960
84527
36108
54822
20567
75047
98735
59182
8558
42834
12575
84884
97555
8932
11425
39369
22863
31667
66511
2622
50474
62163
94292
84569
59373
99781
47770
47115
54825
18926
96890
18496
10956
2169
42170
79263
37
78421
39296
89280
73379
15732
60045
93995
42928
40379
32640
2177
8382
16064
34525
22289
1011
51560
79787
48433
18802
46888
30019
98993
91547
19778
71468
3041
10854
81479
15678
18788
20357
29279
9439
60679
98052
60620
21947
16355
97042
47417
45492
80665
16461
40950
1587
22472
26491
93483
43648
55967
86659
25046
31340
99691
66354
6640
24677
90057
60879
55139
94393
23028
78982
37951
69968
96047
99362
75617
94948
10411
59945
66332
27472
33546
3400
82324
94247
4425
45317
55483
47906
30098
39424
29168
5424
32182
77273
28141
53262
23618
75086
95792
59431
81979
79008
71039
82872
30621
55651
23078
29356
9532
6716
20711
23821
91000
94755
92184
13797
94889
65033
96150
61870
60614
29893
98478
53412
71035
93589
59636
89765
78827
30675
97975
42383
93579
92408
20131
82977
80216
61104
27694
72760
43584
27489
61129
3061
34811
86389
86627
64266
80931
6869
83547
51947
99632
18266
78550
40268
48476
16094
45133
51238
320
49079
20812
92027
58489
24296
46582
91310
97095
64566
13715
56085
66807
18011
17824
58958
77756
75326
26190
43647
21461
63149
35541
14640
80597
18388
19732
50785
71231
85275
31661
26905
99503
16845
70732
14344
31682
4133
1097
92684
89035
82761
38298
67397
69913
12077
44120
31721
87941
45439
84112
73655
88357
16903
32837
5690
57130
89562
90090
50459
9242
79030
98626
32869
36775
51202
72163
70416
31922
82876
1167
92629
64345
28437
2095
37625
23796
32695
77188
76059
91987
78678
86608
91553
91865
10880
33920
68473
63388
20897
59410
38741
65144
89638
93604
11456
24327
9689
25231
17645
40877
69673
61121
28968
19345
31729
81734
67950
75722
12377
51832
99854
86872
78038
6335
83020
5780
82174
53115
24187
79494
86524
60173
90109
55020
96276
45470
30181
64427
52038
78373
85330
18489
62049
1044
7956
48487
69993
68884
77456
91039
35294
9892
20128
88231
40709
27262
51014
73419
49884
18172
77501
78962
67845
37532
1621
76169
27486
59676
4870
88141
69305
58573
43908
98551
28473
50987
38560
25398
90903
67166
99389
45495
41784
95281
25729
8903
30446
77747
79790
3809
43620
63201
46386
9055
96252
69551
43209
52933
90145
85162
86847
76970
41877
59588
84526
26222
40748
30245
40536
12422
90190
57867
34325
52074
48464
8604
98916
41813
83872
82031
90006
73789
40186
35361
24389
73023
70814
23565
75592
72602
95701
20302
66885
79412
16837
48912
12967
24228
39338
59747
269
86692
67961
56221
85780
13807
57437
96399
935
92015
3725
51642
4601
94528
47302
58799
96971
83587
79520
42883
41768
55995
3069
75104
69028
59696
91227
32869
20639
9676
55306
21505
89506
23145
61159
37692
55412
5835
85614
76338
34261
13460
43336
83892
34740
24342
60655
9026
1592
46969
4326
8781
85009
85397
49637
50173
56216
12942
70926
24054
31611
58507
98096
20533
29613
67111
40937
41203
91579
87914
74646
73534
73063
8257
67225
8062
96919
38471
61212
98089
36734
92385
96039
42294
21780
67956
40619
63662
49058
50417
41070
29521
46136
71592
92742
11987
70265
76402
77703
71934
70919
40466
57665
75890
37179
82409
74595
40118
48686
95388
25297
8099
52222
61094
23591
87635
2507
58343
17165
32261
47302
79553
42618
8998
2346
65105
14537
64019
32104
23592
63392
78490
17223
6779
14185
2103
54426
15049
10407
57273
29200
45770
22266
83840
53522
22614
18981
20388
6186
85583
91350
413
35788
33316
50544
39534
34217
45988
5533
1511
40582
81839
27622
45051
76392
52238
5928
73112
32104
23820
9726
47189
30975
1865
22459
86970
84974
89996
89333
83050
38107
31685
64284
12569
36799
50611
98056
59277
32641
36215
31925
61831
9821
43019
12012
29059
92078
40141
81928
23846
99334
96553
17811
94372
65851
67518
96690
50280
27151
20097
5924
62065
37723
28767
47767
72544
69555
14128
77089
11296
88697
64333
23499
21858
77242
14501
16834
62079
98578
23305
28959
54230
15047
4219
34056
78373
37339
44645
12249
90983
29111
13419
21146
34951
38680
5662
61393
72082
99555
83809
36898
58899
32178
9654
29204
24614
35092
39428
82441
21995
21979
94148
82396
42551
51551
65815
92607
71372
84079
83592
73413
92624
51560
46867
5910
8092
85891
2794
45816
45294
67771
79866
66235
87560
79324
58600
13501
74134
63425
34159
51189
2432
44086
7370
64361
92401
34383
66691
3469
59732
50669
9156
46385
55801
70785
76912
75273
279
93882
52263
7956
37757
11471
15936
3641
8166
25752
77263
23573
45278
81841
65075
50789
44541
31357
28160
2879
39145
16933
56365
64204
47517
84534
70086
33990
51968
69115
94919
77402
15365
3600
94566
37951
29904
66077
54920
8137
25606
47956
80892
98122
73485
89867
13826
91346
92114
72400
43980
89386
69927
10400
40343
28338
64504
82096
9493
9593
65180
60165
41515
66760
56128
6904
73258
93692
27535
52367
3258
21696
99358
89852
37350
62158
82590
15737
53038
24723
5044
77169
8556
76563
63864
54761
41769
84689
51823
62469
6226
14420
57377
30846
11650
50070
98105
18623
79148
78240
61756
17371
63117
17488
55995
33839
97926
41664
66478
21043
95577
22689
80810
21903
78958
62359
5466
34821
38848
56782
18941
74385
62108
44344
50710
79030
37877
72945
78344
30677
28649
60037
19554
29150
97182
61121
75688
28391
66891
71195
54734
68248
18988
90034
42004
49613
38892
9630
68385
16472
28454
92203
53572
52756
18891
59102
23138
25530
76368
35250
19490
68635
64527
587
30773
57917
99068
18940
16659
58572
74211
29873
96932
61335
46967
69270
57746
46871
6640
25617
24281
60525
26649
97179
93087
39945
27585
6324
12085
86691
32644
54236
3122
35932
20921
85880
57225
52444
8795
24739
48052
6616
80898
54695
34219
74972
94063
8865
45256
31160
23839
66623
30653
47422
91827
91996
36589
10456
24701
58502
66051
72764
39592
90621
16904
77698
82481
3115
2326
97599
29468
90621
53702
70723
81719
76457
73115
53699
21118
16282
82373
66243
13999
11645
73805
22804
82787
4308
3893
332
66155
42807
60108
52219
24424
42490
25709
25570
26892
1118
75141
73718
13554
94687
26597
25590
57955
36089
48942
78277
58941
83007
90610
96710
44121
521
23518
54306
73287
5741
29858
89280
26032
29302
75124
75658
12805
25657
51778
39440
36022
88263
87911
229
2293
54920
5114
1564
57066
66940
94314
82202
43028
49271
34258
27267
29937
11167
34475
40008
44746
520
9162
41140
62750
8478
90247
21208
88349
61986
87501
24147
34048
84447
91949
84176
5480
46971
98000
82259
21779
67207
43910
93893
48945
2156
17679
54482
55227
47736
35991
96212
17092
57249
8374
67547
93887
4816
81933
25353
47934
79143
93866
83359
99067
55926
2370
96848
15529
29006
62264
26188
61058
56539
25988
55350
80429
57993
73465
94979
10745
71972
44338
2305
23378
57094
85774
84536
49846
23962
25022
65471
82858
45264
7477
50997
27706
41150
26039
71264
12758
70980
67200
82121
62649
45618
67171
47718
13401
45164
26642
52634
8571
29678
16754
22906
69490
30837
70834
38481
88632
28689
96936
779
46070
19815
9429
28203
90046
97650
66313
11642
38883
62360
224
56232
48988
57329
34464
46034
48202
55770
72332
45518
51928
83289
37600
99594
51097
90254
49737
31051
12035
70021
34842
17273
40054
4150
96104
88298
94391
55203
98755
53684
9781
94870
63769
66447
84894
41832
17838
28532
66032
72417
96403
42569
74103
70079
21734
40449
65893
51873
39736
68627
73429
88040
77736
92688
57387
69896
14503
84501
7249
11371
8894
13098
24689
15658
25581
30954
92321
66303
41373
64283
23671
49273
65669
56448
36471
83791
20769
56132
71617
68725
54081
18486
96073
76167
48437
63638
19854
45548
67744
10871
14412
66122
14149
404
22879
14082
79746
47212
87310
28911
16058
70043
63205
82235
80365
25198
31248
8738
26323
49164
19012
75732
94250
53168
12037
55993
33931
63775
13478
70430
63274
50082
51584
73558
34257
9508
21174
86928
7090
38618
43181
95137
46293
19369
70235
62828
39116
57977
1744
25620
33763
2031
92806
57119
38265
54554
46568
12503
36912
37724
71866
85658
65087
32602
73785
82737
85353
89997
21764
40307
40287
29939
83883
36417
30546
43888
17824
96423
74872
55223
69427
34705
25983
86320
99669
99224
2867
56987
36602
7552
84655
25877
13634
96146
7513
84293
95926
56750
68536
79099
33212
85619
3942
68744
87869
65385
18872
52103
71690
67239
30931
69502
88558
72198
91261
45007
9255
3641
99205
66140
47895
7522
71390
88533
4412
4751
63444
1208
36902
3773
26166
82222
85552
68862
121
4904
50853
27233
9496
27153
22995
11056
33502
33048
74510
56742
39681
61371
8043
31617
42046
77528
77964
89353
60366
78516
87604
82409
94159
45468
27863
79577
56383
47110
54439
12275
34613
37997
10385
56659
74912
33990
35326
52773
75286
91691
19516
16749
41600
29138
39734
29567
82341
61979
82671
47244
46944
24387
30436
34212
69091
78700
24793
61760
48349
11144
36792
24923
18246
14230
22216
5012
70175
726
65332
75473
17848
93410
41492
47071
64652
11640
60943
85617
50246
6665
31155
51604
91922
62423
5360
17770
35374
32013
64882
14969
41467
94280
15917
1496
17452
92361
79775
38511
63613
82341
63388
21952
25583
91160
40741
19960
92616
89904
34154
95500
20946
86869
71702
94184
3914
46083
89624
27290
63973
92507
3757
84087
30927
51272
22705
49872
22798
69437
90128
65026
62481
834
42487
1437
71031
94932
91979
73895
76426
68371
37529
22304
93487
90539
14902
68379
41499
76508
26291
79545
53240
83044
62916
74117
64025
95337
25173
36640
53273
18663
24280
89850
22841
86299
64718
15409
44313
50989
10640
60332
2535
39256
66877
79832
99271
49667
29211
86538
71792
11125
62412
96127
9522
19967
61559
38297
83998
78370
13845
29052
23742
72454
25965
9176
49597
33439
90934
74636
82356
33990
11916
7638
84497
72497
41570
29437
16845
29820
16682
38183
42729
87040
13669
64105
26576
46306
11260
53895
41766
36827
37953
29435
41460
78726
73224
55329
42073
69914
67506
64587
61918
83992
81384
25252
21913
51184
17420
16687
81693
56328
11337
85996
40409
63334
78053
16155
36273
5457
45716
78960
25371
14001
86205
65879
3806
18977
66977
117
40810
38077
92272
89406
9566
35625
36141
23315
3123
17249
30787
91469
45355
95033
5828
98340
7081
62581
77378
79613
77930
99371
52124
20549
71576
23458
64162
86697
29098
43379
67782
94620
99714
42649
19828
7583
74793
34123
98067
69835
58905
6243
91497
22758
18196
12833
85894
42218
84991
8099
99638
28368
54062
48075
50657
28738
70394
48433
76240
85934
33580
8884
6861
30020
58820
35040
11866
1902
38763
79503
74722
36643
92527
74415
85505
81421
87927
56148
90769
82425
2717
17132
22514
65323
96091
48052
76125
10564
47905
43381
68177
1183
63039
33215
15371
92750
26126
70897
31098
2235
82433
25982
42270
7038
67867
12278
66920
74065
47399
49440
75450
36019
47610
48935
50336
73483
37380
94082
91947
98978
2215
72420
19180
27154
61360
96749
15081
54805
10591
50677
12243
55548
76872
95787
50066
96871
95795
87010
31936
38653
13796
14808
83092
28093
85333
9352
80349
24878
46038
7603
77115
33392
51726
49598
42025
14563
22478
44842
73725
77250
83304
71770
37099
12087
9777
82418
90551
24691
25133
79634
52302
55847
66003
47365
58887
87265
17889
78162
36817
48887
7876
40030
10469
12157
60910
24038
34486
52164
95036
85792
58250
72523
94991
57500
60737
22757
39733
75050
19746
77634
73571
31683
19555
18098
46238
70803
80780
63648
56383
11207
95684
73209
21264
30611
86210
75647
76589
82755
3310
41754
86191
32093
89216
3771
12499
1261
47451
27635
54655
8934
79828
58348
62808
89114
93814
60599
79099
38464
3909
62563
79913
61734
66621
12225
1878
36771
84484
16590
34687
13900
51116
85846
95137
93579
82054
62748
55904
12
