4219
1017
55919
20089
11289
3672
84769
43139
646
648
63719
41749
-6898
-5388
-3077
28939
89289
88149
9902
87439
783
-3972
56239
-4175
-4978
-4852
49109
7672
1713
-667
7548
-7813
88519
4687
45119
81279
-1208
-1307
6330
5338
23649
-7601
-1105
8530
96309
-2939
73129
68329
8160
6019
6152
75029
7920
3367
29559
71359
5763
2989
42449
632
34369
98399
40899
62099
50229
1859
8256
2759
9537
14109
92019
7035
5356
45449
-986
20589
5032
-9145
5376
54989
27169
72639
7804
11519
3402
9978
3844
-5820
7941
4949
20029
89679
38989
-1136
-4818
70409
5885
6409
-3969
6135
2977
-3007
-5169
65539
-479
11309
5925
7449
81419
-5633
7299
-6768
82339
24549
164
3413
58129
71579
2499
39479
6893
-3330
6143
-3160
-138
7740
-7346
-8537
-7660
34649
96149
86579
32589
89509
-3584
96589
84779
33149
6243
-6979
35389
65259
6582
3552
-7131
60509
-2020
16529
-4454
89959
59259
58139
53139
-8128
59439
-68
13439
3550
57449
41629
8484
94409
8677
64879
44609
54779
12829
1108
66179
83029
10369
7148
-9843
96279
-7267
2400
-8477
-3067
6955
298
72229
84099
29059
2833
31059
4647
3349
9474
5945
6805
-8476
-5580
2171
85259
-9193
54229
20369
27149
1689
27589
24039
-2147
12629
9841
8710
8050
-8554
20099
3237
35329
-2671
59309
7989
8831
-8848
82859
-4764
93579
62889
-7086
34879
17669
-5125
7687
-5686
76039
65369
9911
395
-1651
9137
-5410
48959
70549
-7348
7900
-2839
-9943
-9222
3929
50149
27129
48479
36779
7339
4814
79959
-3551
99549
85559
-340
1829
-1868
-2606
66709
77609
26909
-7198
-278
61889
-5404
22939
30499
79919
1488
5008
37549
3887
41369
4864
47689
7677
50099
6431
90369
93349
4096
-3775
35179
914
13059
6190
70369
17689
5279
5038
48659
18059
7099
-8868
38319
5954
78549
88669
-37
-1923
5253
40799
4805
-743
96059
36659
-2642
-2272
65159
-33
7696
-7140
23269
-2020
95969
94009
92839
85999
95029
6063
-8395
-2259
7075
37119
5796
12039
-7666
462
-9699
7528
54529
41179
6993
6255
-6262
19379
3369
88039
86899
49689
94909
-4150
79599
93099
90309
53799
93499
37019
-1499
99169
-6528
3814
9089
70229
18729
4574
10789
-8866
-6711
5763
-454
97699
-3128
93869
-5544
9658
16479
-2427
3727
7136
-7414
42899
53289
25729
-5883
86159
25899
82479
36889
-2589
17229
1539
79399
70589
8389
12589
-5568
13389
-9543
9331
205
75679
-2572
90469
96279
72579
89399
7525
8949
27999
18549
-7442
7993
19839
-8924
3984
-6229
20379
84409
-9610
-6666
46029
28959
9058
-822
32109
6872
33009
34749
8815
90859
3571
3703
11459
28919
-7270
1319
58989
8459
-9154
-8858
3542
-8369
-4228
9675
6769
66529
72979
-2926
25809
61779
49349
-5907
2461
-24
-5258
36119
12329
4898
13359
78799
57119
14369
7853
44889
11839
36229
10229
5228
77359
-8189
9769
31629
-1573
6715
-8423
-7101
5643
16709
-6031
50869
7579
1476
30079
-7018
9611
2194
1159
66959
-8182
96089
11259
44049
-2004
6917
80449
-1753
83899
6938
-7633
70139
4397
7539
74949
-4946
62589
11499
57149
4169
3742
5729
10169
7679
52799
4878
70309
-4580
58129
-120
42949
45259
6821
17849
-3394
37099
2088
93699
-8860
-3211
20239
68729
20509
20999
73609
41229
96279
8480
2456
26559
77899
-5163
2470
4069
78239
26089
-1578
57929
2420
21859
1440
-1072
37189
1910
-5634
-9609
68759
78089
-7046
48049
5239
-1274
56079
7479
-610
71209
28379
-7363
41399
2373
9319
-724
26079
-5232
-6319
79719
-3193
90689
-1057
6201
1269
57519
24559
58559
-1787
1697
1888
9146
31669
69819
78909
95909
111
63399
9049
-2110
9738
13969
311
-5278
-3030
9784
114
-829
9949
-2796
-9512
50929
-8872
56889
5836
-3744
5413
5879
4942
1989
74779
2099
-851
-2013
68589
-6608
-9124
-1228
-2923
5744
9361
6035
-6282
5249
-8861
4349
34949
6352
-52
93999
87149
78659
89459
59679
5000
1692
-5395
2339
-5513
-3050
53569
11409
16039
63729
17639
30429
-3990
-8142
6503
58309
67919
24519
5912
24349
673
93879
4109
18029
5018
-8797
76159
11459
1359
-7035
4458
-5126
6215
1484
-6154
67189
39849
48349
11219
8377
3392
-4730
-6966
8396
3159
89069
5868
25289
-7514
-9172
4524
38089
6949
407
85879
27929
17009
46469
85499
1783
534
7356
10789
88119
-7577
45879
-9830
-5577
78209
21699
98529
5720
6578
-5017
-4951
-2583
52419
30209
82409
-6342
7654
2846
-7279
-8935
62069
6321
-5342
66699
44339
8000
-5969
7819
5359
42379
3419
79279
43399
5849
-2064
58879
8471
-4072
-2173
59169
78139
97529
44
9419
22379
4288
2841
-2706
54339
-1717
99559
29979
8597
37269
7319
9541
7367
-108
-9963
31459
72029
7987
4979
6923
-3129
9999
4485
1743
6426
82929
8087
3572
81639
4644
-1199
8613
69919
-5791
-3371
83519
7499
-6924
-4514
35119
8072
3846
8347
-7214
9909
-4572
-1004
95819
-6156
68219
44499
3669
-3992
-5310
-2029
43579
47649
8051
67729
17419
-2693
-3079
96109
-453
5458
65609
-4590
9268
98029
8613
36259
2884
8103
-3768
35849
5894
855
11879
33339
67339
32789
83889
4251
-3561
4189
6684
71179
4379
-4664
85919
-2418
42729
46399
49509
1610
-1919
8053
72639
98829
70359
7623
-8061
13179
-2898
77549
83569
-1359
26329
4251
71389
58669
-6618
-9894
2248
5301
95699
1623
61179
961
-9524
2905
31059
-7266
-5438
-8545
92449
6393
67409
7439
-5723
3417
1767
-1106
4407
-125
97259
-6383
-1581
-7113
-2662
-6085
-6391
60139
44809
3110
79559
5679
-2387
-9711
997
57389
30439
4001
78279
55919
30409
-1289
34909
4390
90069
9067
35899
77819
17289
986
-3348
2132
29019
15669
-9912
67969
94349
-8479
21079
90199
35469
74309
4011
97209
58389
52759
-9973
20479
8187
4959
6234
-8616
-1249
99809
80369
-904
96059
-2725
13299
-766
4058
7654
88699
32539
15709
6277
6522
61359
7009
9674
3770
-542
-2401
9502
39199
85489
36369
6356
37529
2488
37229
78089
1531
-9066
38359
3443
93069
-1578
-5385
7908
-3806
82499
-5326
-6887
89949
37579
75609
-8838
1257
55319
70249
-6791
84279
-7743
50329
36239
1499
27189
68589
-9949
-9264
36299
3399
9027
-8144
66679
-920
35869
-2585
91379
-5534
-4976
8309
-2990
2408
50349
3061
5129
68379
-1130
32419
33509
2467
53109
-2292
-3124
87859
5273
29149
4150
51049
-2238
14079
3087
78659
-2753
-4154
-2309
2840
93289
2089
49649
2741
62419
-6933
-8641
-1162
38499
7776
-4008
-1104
-2015
1779
4318
2983
3499
-4770
842
1709
-8551
66939
4219
9509
-9396
-3586
-2371
-8495
78039
66279
8184
9376
1439
95909
-1616
9197
1259
75159
38729
93919
-4546
95629
81639
43989
-8758
84739
9569
95529
67189
-497
26539
4172
96469
5884
94779
-4722
-1226
3473
91379
1709
29289
26109
-4545
58199
99829
37829
7875
49109
-7163
49169
10459
16309
25299
33829
5550
4727
55629
-2964
77319
-7105
7664
2667
40439
-7734
26669
49619
-841
37169
73029
-6570
26509
41579
2367
74769
-7185
11889
19089
2214
3836
-2760
44419
79249
70739
-3947
84499
48699
941
-6238
83269
14129
-977
-4556
-6766
38339
5791
-3141
82529
42069
19869
12619
2531
35499
70919
93539
-8966
9713
49589
7345
-1835
4435
48389
7359
-6404
-1835
4029
-5992
338
69259
-7811
9079
6954
5581
-812
-9762
-684
1869
1823
85759
32939
79999
35739
3880
85779
89179
-7850
7444
-6144
-6586
37329
11799
6586
64909
4057
17059
18159
-6258
11149
85039
-9119
6208
7154
543
11639
65969
86959
3237
99829
48089
14939
2200
-8512
-9930
7907
69479
8711
-6842
2847
8939
2079
-2069
7888
-5157
39289
59129
-1324
96349
70249
1940
-9625
87579
30209
5639
-2432
6624
5710
9919
40349
66839
-9001
18009
-9113
-5989
-4762
-3698
-1180
45639
56249
59749
-6258
-520
94109
43919
-4494
42099
-2335
6299
79009
77049
-6622
62409
82849
17729
75639
19319
48279
3859
3842
81779
65479
94289
2353
4106
-6296
16189
76339
-6679
65259
-7801
2638
58289
8232
98149
-3125
-3058
14849
64019
60029
83479
5949
71609
96499
-6853
-9740
54719
50079
60879
79149
16859
-5775
2065
2822
9319
9733
4608
-5156
7283
96799
86909
86669
3165
26789
11639
3409
-943
3925
-9795
3798
21549
-6634
3337
61969
4925
-787
8112
4158
85779
39279
26199
17249
4272
9769
51299
-2283
-8857
-1107
-3721
3600
79429
38449
4898
87869
68919
9449
76089
45829
48739
67539
68949
-1483
38349
51769
49919
583
-6668
7717
-1087
-1005
44869
53479
64829
61259
9200
-9280
63439
40809
-9680
38609
5819
54849
9417
4827
3029
6317
-8182
22399
1469
-198
-372
79859
-3373
26979
63439
5737
96539
55289
-4495
48129
36089
99409
52489
-2968
66209
70679
24769
-6964
19399
-3567
9559
-9709
8559
2266
-5982
-2783
-4824
4679
92379
2789
8153
59169
-593
76519
-4370
1674
77329
24549
5914
7270
391
39039
-1840
-8270
-5124
87949
6061
-7117
2081
93039
-9676
18669
2169
-3129
25759
33739
-2373
6688
29759
49849
92199
-5966
44439
40389
24879
70599
57019
83019
42589
51889
-3100
-4398
3510
-2148
64349
-6636
-1413
-683
67039
2921
60239
5418
2024
83819
7468
92639
34129
50839
2409
-3879
1359
44359
5143
77159
53629
22569
2396
74919
-6614
70229
70849
43429
-4142
9757
59249
-6385
47909
-1719
65079
60119
70319
9002
92529
2713
-5516
51249
-8990
2743
-8982
7549
198
8430
51679
1189
97029
3373
78639
2109
-302
18009
16159
-2993
59609
-6141
-7293
35759
48209
-5955
8501
25209
46309
21229
55639
95119
-7957
27929
-9846
59889
6861
-5393
10499
3793
-2202
70019
95679
27179
39469
61009
-4958
52279
75319
-9382
26299
82889
61549
1719
4559
98509
6678
-5077
43109
-3382
-7764
98849
6175
33829
7867
71259
-9262
5951
-1629
5449
64169
4060
72129
16289
3016
21309
-9948
3229
26169
-5291
8143
42779
6070
4408
-7850
-5494
57059
92049
4040
17079
1322
-9307
9763
78489
69839
3130
-7920
-1008
70119
7690
-8284
2414
37879
90609
5465
6178
-6901
87689
54409
92399
-2178
85369
58699
86679
542
-6804
-7600
-6799
37279
-4653
30079
-5016
51459
5408
1993
36679
2095
-9838
37279
81749
82489
66679
25909
3189
-7163
50979
4276
10129
666
43929
451
6823
49569
76539
37719
-8514
18229
-9015
5245
4091
3954
-3048
93819
6089
-507
71949
25179
9242
34969
94869
1899
49979
18429
40169
74649
7897
46389
-3141
94689
6461
94829
2591
64799
57759
20609
-902
52489
38769
96349
3676
-4693
-388
52769
-4304
52249
13829
-4892
38679
61909
5779
-2802
35239
-8820
55669
2023
15939
4356
39439
-5093
44749
18939
-7736
51939
-9417
94549
56629
-9817
2864
6114
-3074
3259
303
45219
-8742
99919
7662
9636
35109
27799
14619
-4418
9429
-1847
91959
-3604
41039
71059
64629
-3804
18419
85309
92269
9081
28069
2059
-6460
6590
38809
4032
-853
-8284
34369
54909
4703
-3951
6007
21999
80389
48489
93349
9547
88019
24469
463
3018
3239
-7260
12229
-7653
16419
59409
8206
86699
834
-5671
9404
-3102
17379
2259
1082
-9960
34409
-1671
54129
-951
56669
76699
64549
76729
35029
3004
-4520
10789
-9801
67419
38279
7028
-2170
-9736
-8292
3117
7119
70959
82939
95679
7729
9874
82469
97619
8344
62019
475
56949
38969
-3864
71149
4947
3714
64049
1759
9358
-5381
6674
75219
-429
44569
73979
-1743
-127
63879
5969
-7761
3274
53479
39249
43889
15309
43569
5147
-2336
18649
18739
20879
68549
28899
91549
7770
6169
6884
91489
92709
79579
12939
-2163
91039
4456
-9336
2104
67749
17819
-2889
7265
7374
37039
-4882
-5737
6056
11779
8951
4225
2559
-6462
52019
9704
5209
94959
71589
591
-9661
69389
-1938
4032
69919
-5177
-8198
6316
-3579
-9876
4252
9806
9705
75889
72809
6778
-9131
31189
37669
5606
18699
6060
-717
-8723
-5920
21649
46769
5064
82549
8329
-5832
94999
-259
-2270
5989
35959
-3709
29069
19849
-4937
35949
850
96389
4399
73109
19729
33479
-2859
789
4052
38609
56459
1357
-5074
-1426
-2031
50729
87719
7838
2227
9061
-7249
-1855
66649
82569
3641
89549
1908
-5436
84449
-2457
-9129
-4886
3100
31059
-8568
-9940
63029
8475
70529
46359
5685
-8084
83089
23279
5966
5664
-5001
12619
42029
-1646
-433
39759
-9307
7197
-6029
6119
96559
-735
89979
32959
13289
-9002
81969
81429
91029
-3533
83079
-9061
96189
84349
7832
8763
-7297
-6419
89289
-5092
-2406
7234
-8953
-1419
8670
1535
93819
15679
7150
21789
6374
22179
-9843
-6139
-3032
75369
6131
-8071
36129
-309
68169
19709
-9479
54869
-2162
42659
51559
53659
-472
24929
94609
46609
39829
49669
4217
-5152
-1336
17119
-4882
8662
-3378
6858
29679
6016
37239
2770
30419
80799
-7634
-2801
5019
3329
-268
8937
36409
57489
33179
57719
-8125
-88
33919
19229
8582
4438
-2438
51319
94769
46259
25399
83259
5076
-2572
2065
80089
5877
4100
7008
-7994
29509
-712
-788
1545
-2347
97539
6103
-2380
-2316
-4458
61669
8419
50739
43779
2528
8181
11769
2728
5739
23989
-251
47629
-1842
52709
8679
227
6859
1114
64019
69459
-5534
65169
4862
33279
40389
1676
5419
25329
-5806
2275
5312
2279
3044
2909
6869
1665
63999
3215
92249
95629
-4260
92359
24969
-4563
7079
-7690
33159
5649
4106
5948
67079
7799
-4484
-9070
1121
65009
93109
273
25919
3944
88469
7890
73779
48999
-5932
24049
-4648
952
1416
92889
47249
6247
-7832
1628
17459
-41
77569
9061
-5072
13749
1595
64979
95179
3371
2938
372
56599
15119
30829
-1260
4149
3552
61699
3059
1334
-2316
3959
-1779
83399
6832
9569
61339
-8493
7889
67929
22099
-458
-7440
-2701
-2259
9874
72679
-5535
73789
37279
44929
27289
91869
88269
86479
6753
41429
72509
93109
-8459
8580
14449
-6692
5669
92079
-5066
-3204
-2924
15739
36189
-2214
-4805
7994
9834
21469
-3087
7334
5453
63899
-7127
-3056
6179
41539
-4368
15039
91549
1969
27169
97169
48139
55999
-1108
53519
-30
6002
58329
7071
9164
5697
85799
-3055
64069
84769
65639
9743
5924
24979
35599
-7143
-1348
-130
92349
94139
-3502
1612
4762
-8357
55169
9464
8249
4615
1125
53369
5653
5262
5709
1570
9809
1188
46719
30049
27359
-1584
6747
77849
-1863
5682
5781
789
9336
9030
3142
27789
193
-8130
7539
5999
3859
-9210
60569
5300
32959
-1184
-9403
1019
1717
-9307
70049
-8224
11729
83209
32989
5101
2249
2989
137
-3082
42789
53879
86209
9646
-6421
61789
-993
-8967
-8772
90179
46669
98339
4134
-1257
95729
5044
8093
-2588
-3664
43349
85439
92219
2332
-6079
-5689
7876
5554
8733
25269
6892
-869
9758
1428
-9001
53729
1836
-4225
-3269
34289
-4501
-2676
16009
-9495
28109
35299
47109
81979
76039
3170
15949
1019
8329
37959
10349
15009
89269
90619
3109
11289
29609
56999
22079
9929
25029
53299
10699
-3456
85519
94719
25399
24609
6318
57029
-6809
-659
43329
25849
47789
8349
-2482
7198
-968
33869
1626
78749
76039
58109
85289
7285
88489
-8925
1829
6929
26819
31409
97769
80789
76419
-1989
-8128
9643
3169
6193
-5723
44399
97999
45689
2151
-9403
-2391
37369
16999
2239
18549
3889
9876
98289
9449
52799
51569
232
45429
35519
-9053
89959
-5871
-1089
6643
4145
4810
97209
-444
-5992
-8409
1900
-1362
-2778
-3364
-2484
69499
3049
88999
77739
16619
3759
93669
-2080
25099
347
-3604
8636
15459
-1392
-7196
-286
98719
-5479
58799
2299
1743
35889
-2931
4043
12339
63499
66069
-7500
6532
53979
82139
21489
-7653
77479
58439
173
90419
4969
79369
-2220
52549
44019
5017
7179
-5035
90689
-8475
7777
71789
31719
-3922
9765
-1964
10889
7645
-3039
85029
95279
73379
5216
53429
48889
4323
4148
35669
721
99439
1031
-6183
-8577
-1416
41249
28819
8730
-2668
78039
-7957
-3676
78879
26979
49969
-8933
-1836
77
22029
4649
2419
-9390
4302
261
97
40889
95769
-6440
73789
-9465
91379
-4243
22929
74389
93289
67849
-333
32789
87449
9381
56289
85689
8774
41889
62359
2248
19129
9434
67069
67199
5063
27719
69189
9753
21389
98519
34349
5652
62719
4702
62339
27959
-6780
56609
88129
9076
9070
64849
4591
62459
67909
575
-1902
6939
6609
63689
30009
-7925
80479
-5556
70219
6629
31789
-6425
72709
43799
84979
96199
25119
286
26439
-2236
87359
35229
-6672
-3846
4770
73329
2452
57169
2232
63299
33149
42029
8710
95859
6639
68779
44199
97439
-4809
50879
87669
34599
-1721
-6684
8467
83839
-3260
45479
-2385
91099
67489
-7446
-401
90599
76789
3149
2457
-8172
1509
-4299
89769
51369
83629
7987
-6336
53299
9129
4723
91569
-7986
-1269
4606
29059
-8155
19979
1931
71679
83999
-4323
-5560
-2386
1779
8795
-2507
-6203
82319
44559
-4760
-2397
-1428
12929
44219
154
46269
6011
61789
23309
95279
4699
52899
88669
35679
22139
1015
18399
33749
43579
2204
6054
25609
27199
2959
80389
22629
-3079
40999
66689
-4148
9967
-7843
-9897
41799
82899
-6356
36569
9542
-2105
46149
3509
4854
47009
23009
5916
-5690
61019
72969
12949
29459
45719
45679
50439
-1037
-5682
-6410
-1994
6273
-9401
7085
90689
51749
49429
43739
31609
-4346
5489
83769
25299
2888
-6094
-6282
2651
1285
64479
70799
7824
7207
69669
35039
584
37649
7409
19919
33069
1819
-6040
4720
46729
36469
92829
34659
53349
9742
71589
4009
-3941
-9441
41029
8940
7865
81899
-6950
2527
28079
88199
4949
6489
4270
43809
-6001
16549
-3842
36239
59759
5559
-6877
61889
89489
-8955
77059
35039
3200
7307
8820
1149
-5781
-8
-3009
3627
53479
-1561
-591
8839
-6114
41629
835
82779
93899
21519
-3587
60629
1862
315
-9476
-2360
-9344
79169
-7484
-1891
54919
25639
-2403
-1275
78479
63379
20819
59509
19259
54759
84729
69869
90089
79569
4890
2939
63979
74969
6927
94139
96229
56639
8403
93839
2489
6217
-5349
87659
2179
94099
36639
-4449
1342
940
-8281
83699
4958
84199
59589
54939
-2038
2738
88739
7100
-3772
-4792
927
-7725
1179
8576
566
15109
60089
-4241
-1829
68109
-5983
5049
9409
88979
3298
3820
19759
-3027
-8266
6278
1343
31019
44769
-4411
-9983
75629
-2713
4750
40779
-9050
39769
4443
1479
79899
3154
7321
92929
26209
57169
-6375
91969
6768
30809
-2202
42969
2799
-230
3161
48709
2109
-3561
-9400
18689
60359
2532
31539
84029
54549
81849
31169
-5376
4885
4956
7422
9260
-6375
-7631
-9000
9831
178
98789
8859
79009
92289
30829
4431
-4132
66549
8219
-430
73919
55759
-7788
-2192
24019
80449
32879
6483
9661
12969
7265
32799
9370
-1816
18279
-1053
-7161
50629
-9654
65939
19219
6965
1097
6873
1039
8539
97829
82169
62649
828
8459
-2124
77029
30919
7269
2177
14629
75249
23489
91299
84889
3142
7369
-1134
76129
39349
-6853
62379
39209
-9779
-1811
3322
1364
5701
58369
64319
9747
3541
90799
36969
27709
-6129
2803
-8702
18679
-6386
929
19989
37569
-7763
76529
72859
88269
3539
-9832
24659
4459
8649
-6318
-461
3948
82229
60069
64679
85419
-9098
22949
43869
12929
40199
-2960
88369
24569
-6485
17759
765
-4522
48169
5815
3108
58979
-3103
48179
1567
861
-2852
97269
2989
5591
99519
2821
97409
6423
1133
-9923
2598
2494
-1052
3169
32
-6696
-449
7438
7828
-4419
-4859
3809
32539
3564
24349
5441
-1542
-9780
88189
60949
37869
91659
-5533
-924
-764
20319
81509
3252
93779
6677
-6651
22799
1048
2618
48989
-1918
6562
31559
-4317
74929
-2346
-4153
85479
63439
-3238
43659
67369
-5389
-5262
-9177
8027
19179
10709
464
47069
-2427
84749
71009
17969
5194
73869
8933
-3457
2769
-7229
15399
85019
43789
-9798
2119
-4761
-3037
-8506
-4343
8579
36759
33819
59889
5928
-9926
-8820
5469
-3851
7130
65209
54199
413
-3773
26739
-3490
8020
2040
5639
73479
-5402
9671
62229
3708
60379
15959
54709
83099
15809
62509
1914
4323
-5657
-840
-6831
823
39029
9749
36009
4130
15619
-3876
89099
33689
54899
24519
6420
-2637
5939
634
4546
86679
26729
4306
59169
260
248
-7060
16049
32819
4872
87329
5559
97769
9559
5480
5313
-4508
-3155
87359
6899
-7282
98249
47639
71469
51419
-7657
45329
-6556
51999
97609
47699
29499
-7706
16609
93019
-5357
-2160
79789
-43
-5526
2601
97059
-4735
5838
89879
-6185
7948
-1219
43329
-2607
7389
-8141
95009
66249
866
93089
97409
12849
-5919
-9376
93229
-6324
4878
64929
-1156
3980
1438
-9585
4668
6399
-7679
57849
-3376
62799
78179
78069
12059
35289
-9352
17629
-6749
-3833
26599
-9377
6472
91379
4830
71859
62289
2864
28429
61479
3259
-7694
5332
99419
56
-5025
97429
6599
-9463
6261
73559
-3395
4939
1985
-3740
84339
34899
66189
6510
1418
-9073
83159
48829
5791
5238
23559
6942
7699
-6784
67399
-5021
4250
-11
-6038
84599
-6180
-9871
96939
26519
81619
26109
-5876
-5451
-2811
17859
6179
15489
-8983
-5385
5379
37739
-3966
1798
8009
99729
4631
9599
67449
5737
89159
-6055
5471
6427
9142
-9195
10329
1282
-365
48009
17649
-7448
6689
90669
6434
4682
-6645
91099
44109
6419
45049
2759
-822
36889
31589
6182
-9675
-3530
-9349
1537
1229
-7282
-6838
5494
8451
65609
50059
74659
90349
-436
61019
1171
41949
7647
3357
11069
67169
81029
44279
56369
-2237
2272
-463
76079
9639
91589
6375
88559
97019
6529
63509
42909
-5762
-3832
2059
-850
4809
-3947
6099
8281
95879
8256
41049
687
56639
55769
80139
-1302
40419
4703
-5963
1063
-4831
6419
5362
2313
57019
92189
98319
53449
-7222
68119
75669
-9552
-8247
77509
-6648
16569
45249
2942
3102
6213
16889
4596
70909
5046
69189
-6974
-5861
5824
32629
52949
-9573
93889
277
3554
39259
59959
-7120
97069
7690
83609
8050
2298
-4006
3906
28359
405
6713
2709
2833
-7902
32599
1858
66189
16549
-2904
13109
47559
37629
15389
28629
53339
6112
56139
69339
1746
33539
6229
5917
8719
26859
9950
92419
-3217
7527
1519
-9812
8362
82299
80169
8222
8573
93359
-7282
81169
15559
-5137
13869
2828
76799
40129
97009
256
63039
92579
78879
-9820
94569
57619
20469
2989
85329
5166
94849
76269
99059
6382
512
-4038
8348
52289
-5135
83089
1459
3000
52279
9933
90669
84659
-60
28869
-1658
72639
-6040
16129
6462
2388
53389
3455
81089
4031
-5327
8856
53259
89129
-5557
72049
9567
73449
6350
85019
96909
6394
10399
78489
29169
7596
2482
10459
15899
3221
48419
2789
77679
23629
59619
85859
3010
9665
9817
40709
97299
47299
62219
50139
2059
5349
65789
-9027
82669
586
9523
54759
-7258
49749
-8765
8009
83649
-8667
9279
-9640
9709
3257
2657
-8734
9429
-8137
42649
-3115
-6868
52919
-8009
58659
76029
82609
11889
-5772
15069
27509
9742
43189
58449
64239
10429
57579
25809
-1835
3628
6724
-9565
7136
-427
61259
3716
17869
9404
5137
40559
-7387
19579
-1862
-6092
7655
-2933
8449
91829
-519
1679
1500
-2907
61289
-7288
88299
17989
-9756
18689
2026
97239
-8881
73009
-9813
7478
22649
7759
93089
84679
-5270
1919
4119
1518
-780
37119
20659
62419
40779
-3200
-3608
-2402
63299
98909
17019
85059
-5850
40729
14909
4778
44439
-1322
95229
-3966
6522
34759
53319
60509
8079
39389
88829
81389
-7541
95659
78369
-8244
7887
43489
-9488
98149
49409
9271
77979
88839
-5882
-9985
26809
-7352
-2034
49109
97169
26059
2437
8269
1363
15059
15459
-8411
-7039
76889
45089
1706
-5524
42449
59509
19249
91559
74479
17399
1109
19579
89579
9380
40009
-6024
52969
25309
80939
21269
93099
2245
31789
85119
35829
17959
-9813
257
62699
96569
-6380
46799
-4007
-8248
88389
-666
41929
78259
-8711
62369
-8091
885
41899
1783
8559
380
31569
5568
9002
9563
93909
604
65759
-3628
-383
4023
5277
66629
2723
-4536
-9957
5679
-1031
24329
28239
1974
8301
9462
6556
93999
66949
30709
82579
-7925
9133
7724
-7486
28459
-686
4555
1132
19079
71459
5555
51959
-4614
3765
-1032
55239
2216
19419
16829
33089
70559
2250
3907
-4029
-3728
-9083
13909
48129
24449
-1656
19139
5927
4159
2369
22919
64269
-752
61759
6153
75359
9347
32929
78989
818
7909
57999
59
1483
7389
83379
-2505
21839
36499
1689
7017
-6139
4281
86669
2252
39059
-8716
-3795
51799
-5068
9998
-3485
44009
43659
7569
26049
9732
8456
69049
74649
4638
9896
-2140
78209
-6996
57829
-371
3255
27179
-9297
-1107
386
40379
738
-4329
-6946
35009
-1917
66499
39719
37429
1864
66939
27009
28119
-6920
-3735
7025
17139
90059
2760
41149
84679
-2098
48239
-613
-4823
8049
-6899
4430
20439
215
71959
2614
42499
64289
91989
22079
48439
71069
7072
20229
49489
-6467
1778
-3889
12829
24909
96019
5457
3572
21349
68369
46459
66079
-8625
13209
-1026
-2870
88569
1468
-4229
21469
-103
24439
27279
89289
41119
96529
18749
47789
67559
4285
24379
-2164
78329
7623
-9619
1836
49899
2372
2751
6663
1429
-2888
-4871
15729
614
-3182
6212
91389
-8686
8056
66619
13739
52139
68099
-414
16669
6084
97599
-3563
10749
-6539
15559
46069
-4972
99599
-8156
58119
3719
23379
51459
-8788
4688
3255
16229
85499
3637
57189
7704
7696
78989
1281
9729
59649
40959
-4198
-6705
15829
9544
27439
-4899
2209
-7346
95189
64119
13649
56789
34099
-214
-9459
47369
67729
-8026
99459
436
8127
25619
2918
-5962
-697
3445
17339
-5926
46229
3336
33329
-5644
41849
98589
4365
51139
60299
12949
16559
9329
-8998
-8887
-3913
-2784
3688
-5857
29479
83519
-1347
-6542
-5132
38689
77539
55739
46509
8117
97429
25479
7436
41799
-1218
1827
510
-3715
74299
61859
5011
5723
6979
73619
78059
-7514
-6498
-7460
27409
15779
-2393
85029
-3163
-10
-1210
54309
6867
6749
2519
-3668
7849
15379
83679
-8398
-7267
6884
8394
25909
9029
80989
93969
94029
63279
46539
-385
87839
1176
476
57589
-3910
1645
6790
96849
6813
7260
-9319
34749
-877
44589
-5686
-5359
-7499
3014
-95
22439
-6777
5667
498
91449
-9204
-7980
-9473
47809
12909
21749
9361
84749
27429
9629
2497
13949
42929
53609
62359
25209
-119
-6977
53859
47359
2031
68369
60699
88289
87119
39639
-7882
92249
9229
-8502
18409
2887
1860
73689
89219
7158
3799
8621
-6109
85079
54949
61639
-2705
69859
96859
96969
87789
29019
7919
32569
5276
258
94369
6469
2796
-9006
77869
-7745
62759
61819
79599
83529
918
95499
45189
65269
69429
98679
83629
5131
7059
3762
-5100
-1012
2623
7947
72039
58049
2329
74039
38989
74039
65419
-8873
-7157
1982
-1004
526
-6035
-8468
9143
2934
61269
76999
18579
-516
-4905
-4067
-1552
-6938
49139
3051
67719
2003
9539
2091
42059
98289
90029
19669
66149
90889
8949
961
-5472
-2678
8059
70539
96089
4310
79029
71629
2439
-653
8419
35159
-7420
60199
49399
-4034
17329
5890
755
-98
41409
7062
72179
5689
-9090
9748
-797
5160
8784
9542
77049
55889
85389
40709
24769
4435
8267
4777
-2388
5993
18929
70139
32359
68079
23479
-3181
1978
-7919
-1627
25019
29529
15059
36589
7647
8430
45479
87529
-9571
5773
94699
40139
-8248
6249
7865
8438
3834
35159
-7710
60549
783
19909
2329
4949
-7225
89409
-4317
40219
-9923
40989
-5053
8573
28989
1772
7447
52039
26379
-5766
47059
96369
79209
84539
-4012
-392
-1944
9350
96139
-5736
-6070
1822
21529
-2291
19969
-6208
7961
8509
550
1690
-6799
57139
71269
-1616
3760
21309
-6046
-2310
-4804
72439
8790
-1489
35939
38379
-7641
79969
97159
-8091
16959
-7833
2953
-7086
-7185
-3436
-9370
3379
-7909
77489
90519
1043
6489
-9888
34539
-4176
2063
84339
89929
39459
1259
-3235
76089
67179
17799
52829
1959
2840
1141
87239
64059
6944
-2402
8240
89229
16389
37859
95869
85849
-7596
82769
4338
-5979
4879
6718
-2260
-4097
-6618
-3314
75159
9203
34349
96809
-2709
-619
-5993
7467
179
-3307
5507
9999
22199
48969
4719
14619
-3384
28509
20799
906
53559
67189
-2138
37359
-3290
9167
-3248
5776
51739
210
38649
-1027
65239
-3824
85699
99749
54509
5636
4156
3586
53459
-9998
24229
1177
1921
2401
-9812
8732
7004
19969
33519
-1464
4794
69989
-8905
80889
64839
37569
34069
74199
-105
24369
55569
77869
3442
74719
16319
8230
-4754
5595
8379
59249
43749
67239
98529
5724
8904
4253
-3023
50619
5289
83579
82329
503
-492
47409
5809
29099
-5479
1491
62019
8710
63789
19609
8519
28829
-5891
-3844
-6754
-472
21679
82349
5526
85679
-9656
-9329
36999
16629
17279
6119
-796
30589
92749
-1606
72309
14189
-4314
-7701
92669
3374
-267
60129
-9527
909
44059
-3310
53159
6409
-7628
33429
7951
50809
-8951
-1362
31659
-2369
33059
53179
20199
-2992
-4684
-1524
6625
99749
29999
-6541
36509
58289
20919
2929
38209
6999
-2546
8815
-1469
39729
-3323
34389
-5481
4803
78579
29799
-4605
5508
6606
-3610
2779
7305
63009
21509
-1653
78329
62879
23319
85669
4609
-4863
5502
-4502
66859
64859
46309
28019
87209
2742
6928
4796
-2445
18509
-2214
-2888
3672
-2916
473
7742
72229
-6551
73189
23649
-4185
-25
11569
87859
12079
93929
81319
92119
49559
6898
29209
25199
6539
52439
46229
-181
29309
9145
52309
30469
58249
29689
-1874
86649
33809
5073
2337
-5018
66879
71929
8207
95229
8125
82569
8472
77029
7619
-3960
5003
3093
-4412
4361
41859
1615
20379
49899
12569
2019
9986
20329
1265
4442
75329
76389
35349
3895
10819
-6929
51659
14899
54439
18339
-3771
-6912
6387
5924
57909
-8968
-5149
90549
58219
64399
71869
7959
9977
65509
60709
22989
-7372
45339
-1917
38529
8339
1651
29269
76569
47239
1347
9414
6667
5359
2219
2132
88659
94499
27539
-1013
86639
-1478
-3066
94079
87529
-7611
14929
6195
44939
78099
9049
68579
54079
75899
66399
48169
90809
7279
-8199
55329
8258
9451
-9456
4391
13749
64289
85079
-2441
-2185
-854
32789
53119
80589
78259
-3931
-1945
1723
12349
2748
75049
7108
12639
-4315
44419
58159
23529
98729
23889
-1112
69019
73909
9936
-1845
7036
26629
-224
-9265
24379
72369
20669
90409
58029
-3490
-623
69809
2978
47119
5419
84279
-1738
9370
12759
70379
61649
42349
5021
6519
86239
-2989
14329
59769
22129
83729
2468
92779
71309
64029
84139
-849
-4096
98679
-4771
-3778
-475
65139
81919
9790
34239
8356
5129
196
47829
65809
-4945
34259
-7539
4878
61919
18959
2169
25879
37259
2233
92209
10049
37149
87249
-8871
9646
39339
5296
-185
-9987
57689
-7165
43339
-5584
3229
35099
-908
45899
71199
2455
62279
82089
12239
-8723
70099
71489
22179
86489
2069
32459
72749
41049
33069
7099
2489
-3603
92739
9587
5179
88049
5687
9869
52079
-7194
-3542
30119
68629
6299
71809
64379
61889
15279
57599
59179
5871
-6130
7032
5563
2080
5418
52639
98689
63199
72749
383
81569
34339
27499
84049
7409
82559
-5449
32729
-4951
8980
11829
13529
4263
57169
49909
5920
86859
-4518
50989
98069
73919
-9642
-1763
7409
550
1806
61109
36099
72549
-7490
-2217
90679
-1745
76549
83709
51629
2189
-1245
49849
-6573
4731
50759
-7707
-987
57029
70999
12269
31429
93599
29559
-9838
8717
86019
9847
4399
454
-8604
7795
85989
50929
17729
2510
6587
9282
7690
6829
-8786
18009
20929
-835
3822
34289
3712
67549
-6268
6189
62549
93019
40989
-2433
70369
1279
-8985
34559
6462
-2703
29349
25859
47789
94319
96429
48999
-1331
50379
50609
26869
52869
-6411
9925
87409
37189
70029
-4110
2409
-7176
3489
7469
50059
82379
-9462
-5215
92499
86349
66059
-7588
8937
-4892
82039
4186
-3874
8833
6799
3937
90679
90609
38139
87259
53459
4569
4825
55069
34969
30819
-4341
69779
95139
52609
621
41989
-6335
-1827
5730
56099
6959
52729
5539
5672
8136
-2997
40329
79689
5447
51489
17589
5781
-3099
-2478
3089
81209
90489
-7777
88859
56719
73309
2579
94189
99049
27639
98499
-562
41789
62899
-8253
48579
6410
-8294
43589
-1395
98799
49059
-7226
-6057
-2815
-7018
-2125
-4156
-6419
7289
12969
9155
60929
7779
43539
555
27559
-1387
38369
3613
6242
75339
11599
-5421
-6496
8599
97449
98409
-9690
97269
84539
-4359
-9598
51249
28889
8718
7410
75299
86309
73139
92449
58579
69619
65079
1997
46859
-425
9564
45209
79049
2309
-394
-8713
-6353
7299
82569
-2557
22569
119
28799
-2604
63329
-839
-8442
5309
66649
-8048
-6176
15319
-926
9277
3465
60799
8775
6105
5554
-6261
-956
-1354
-1160
51139
62849
8644
8405
-1256
-9459
6449
90329
2051
2006
6117
2281
12889
3453
81989
18949
68269
3670
7762
28829
-7788
71169
83349
9817
3406
80309
-3099
7619
9362
5870
7763
10629
3866
823
-2641
2109
3910
60429
55769
55349
80559
71459
11489
3919
50599
67329
-2400
-8520
6224
8925
46789
55259
7791
77839
75019
25849
10189
-2917
81989
7280
-3375
6299
4248
82479
6519
-9713
-7796
4101
39569
49419
-2175
91709
23999
54649
15679
49739
783
3139
8043
71489
6442
-1891
47599
-9109
91109
-4444
-2008
-7356
18649
56339
-4907
33219
5443
8144
18249
5459
-5174
6097
62449
52729
-476
61319
96879
9686
-6838
-6091
1222
15579
-5567
-4287
68339
78079
1307
84669
16959
87049
63999
82089
98709
3416
9075
94849
37299
12659
85469
4956
33659
7534
-1003
80629
9664
90479
5949
-584
-7332
92599
-3040
24489
67079
8969
91849
9652
19229
2796
1079
79649
21119
-607
22199
58919
90629
60329
-1548
6484
29779
5283
38109
-4627
5598
5759
21949
-7214
11759
7705
29689
86529
2413
86859
20499
-5159
32559
-7435
9780
2159
70409
66189
7159
4406
-8592
150
34489
65039
1777
36269
4593
-5360
26889
29949
-7019
66219
75589
248
65189
4133
38139
-4719
80829
-4408
47489
6614
15589
98549
80249
3247
1639
-5107
1939
19619
5630
27899
5722
-8557
-5034
4308
42509
11899
-6398
27159
95399
14649
4188
73299
457
42069
23029
4607
81439
53539
43079
-6241
-758
97169
3134
2939
25319
14679
6858
7109
3822
36309
49969
4905
5672
1853
-3209
4311
51099
19609
9110
-4618
-9077
4126
8609
10139
3705
1603
-9557
9236
-27
96079
9369
5818
33589
38169
69709
9949
26069
5489
8161
86409
1992
7928
-7718
90099
8399
6418
25269
479
-6859
2560
-9359
-1698
-3181
-9950
34729
59319
-5199
2175
17109
24889
3767
-8526
35069
-6621
55809
24049
6113
56469
-2612
-3851
7333
90459
735
-6256
47889
7015
-6443
1956
69989
7436
9222
-599
8092
-9388
88479
1075
17509
-6679
24529
174
62549
81509
40149
46189
77609
-7591
4279
3809
2918
6731
45809
96499
-3482
-6920
24169
7371
72799
13179
9669
89189
59369
505
-3028
6942
6692
2846
82269
49189
87039
75079
-702
-5565
4327
2796
6489
-6561
54409
6544
-9021
815
21709
-3884
62539
81279
38059
53989
-3713
34669
-2999
52679
7046
-9796
6737
4132
50809
46549
-5305
86779
59719
-6832
75099
39029
71579
68079
40
2039
3449
51909
123
4764
-4289
8610
-6700
-7942
80009
1426
6525
35739
39639
70879
18169
43919
6677
-4613
92939
62639
5555
-2427
-4300
8787
-7088
1580
2201
-5049
82579
87799
21759
4307
-1700
82189
33859
5073
-1587
98169
5784
20129
14809
9650
-8147
77789
8066
-5931
76529
75619
20469
67839
7819
6345
-2891
75699
1027
5969
48379
-1272
46099
8009
10249
5744
49519
23589
7000
65399
93799
68319
53829
99379
-7504
-3103
-8459
47809
62639
15039
-8388
1471
-6333
41489
577
-9319
4582
-4082
6683
8993
27459
-688
7015
-4807
-6543
26619
1505
1182
721
58429
2034
86609
1699
-8334
26549
40759
4025
22559
9047
-3737
5706
2133
57369
74269
-2511
98339
-741
-1923
2333
81469
-2420
-4853
8513
9996
2360
-7567
-3049
1512
60459
1959
-5392
906
35299
-320
9200
13609
8424
-7058
1189
83849
9798
3423
3709
43829
16769
26479
58389
-7175
7666
66289
-7634
5934
74599
-3679
6123
-5114
-3363
-4014
15369
76939
56899
6524
80819
-4894
29599
-8877
5177
-3206
98729
-3023
1212
9734
-7847
-224
-4003
99589
90259
84749
-8756
80259
56649
73609
6228
5847
75309
-4594
-7963
20999
2509
23459
8519
1312
52019
5544
73489
35459
79159
35559
4500
-4982
-3357
13399
3456
-8328
47959
4560
3749
91969
42199
12519
37639
94949
19879
-500
29529
93859
780
9682
-755
70339
43499
51399
41179
-8336
-4758
18669
57389
44269
-4228
2161
90199
9037
-1927
1269
-3135
9325
-3139
29939
43199
-8418
54649
19219
8719
89559
45929
27669
5763
60539
13349
-9575
97899
83829
49359
55609
563
-8966
-4975
73079
2659
6349
56059
76669
44799
4356
53219
18849
86559
15869
5470
-6840
-4784
85299
719
9973
-1456
2395
3849
60279
56749
-7103
4796
3719
1538
45619
70469
-1711
16549
-4083
9329
-3686
815
-9275
1913
-4656
4988
4399
-4694
23819
3377
66399
8959
93259
-9807
2483
79589
937
37579
26809
-6244
-4290
43329
3129
81609
84949
60269
58979
22839
-5458
2431
92049
7189
65959
1199
1520
5892
64979
-9553
-57
-2320
-2926
86759
9219
2809
-4586
66669
-5144
48029
29819
63659
95299
-6354
-1910
1049
60569
9167
5991
-5188
2764
-3615
1065
1866
28799
7115
37889
1780
2120
8481
-2444
-4466
2866
1059
96069
23159
98029
3588
5319
3839
-6417
47589
-7667
88219
-4537
-5335
-6415
2988
9389
-9185
62809
49269
1341
97999
5119
39899
42749
-70
38339
50809
3343
72359
-9703
3186
72619
8456
37539
50169
4840
-9303
30429
3911
43409
75309
-3101
-5098
-119
3142
8477
86629
82959
51189
8586
38769
49799
6339
56419
51459
62719
1779
27909
87949
-5139
85479
91859
-3656
6831
66
366
65279
24919
75859
-3504
59659
-954
90649
-5636
1669
-9730
13899
10699
-9585
13159
-1593
85799
34029
94079
-3000
-5198
7625
4087
168
9603
47749
-8939
5391
27519
88499
6605
8398
95659
84459
35629
39169
3659
4479
-126
-6193
7854
-9591
56299
6089
32909
3394
-6319
3529
1699
2214
43609
97419
41989
16039
-1514
-8583
63189
31409
5821
-7028
-2827
-8858
50349
4455
8562
8787
7019
-7149
4943
82049
88129
26019
72009
24479
30679
-4791
-4541
-5239
9619
8996
6210
6011
-1022
6053
14139
2136
83269
-5272
2605
88879
-9742
13409
13829
88139
2891
-4022
-1927
9113
3263
93419
83649
3972
-9664
-4746
91049
-390
92169
7236
1399
72039
7215
89019
92679
-6721
-3811
4573
27599
1973
5609
93729
99369
36399
30249
3530
-4687
-3345
84759
68499
75929
21389
602
72549
-1120
72929
7169
54779
6416
40719
-3083
84699
8699
11169
2380
42239
7464
9068
-4514
8086
9987
99319
19919
36419
57279
-951
-4066
-1333
2620
2679
24409
35559
-7902
-91
-8015
-5605
-1174
-8560
8926
-8107
9937
-9436
4757
63319
-115
6258
75729
1887
15129
98859
68829
-1918
15129
44439
6399
2101
6677
48739
-1268
-4499
70419
7122
-4168
93399
319
-2863
5280
97499
66419
-8264
7228
-8066
41959
8266
-7696
69809
7713
1621
90609
-9502
8635
15329
-1417
80989
60899
30339
-4681
67009
-9106
67709
9173
-3643
27229
-9393
33469
94949
1640
-3902
3503
63899
79089
84889
44109
1409
67549
47429
5849
-3073
62709
-9993
37849
3099
-3491
-6135
65549
85869
66799
38149
88629
894
-4992
-3040
5629
99889
-7840
-7093
-6628
34099
813
-5182
-1194
9689
48299
1043
-5698
88029
237
1902
84049
31919
8825
51069
2497
4644
62549
8035
94919
718
97149
93039
56739
1769
5537
37709
6432
7647
84859
4768
809
16069
3603
40459
88129
-4496
-2063
63639
-8844
49969
51209
94109
4751
85539
4244
7262
-2102
42079
72099
-1403
74259
-9480
88819
13789
56219
71699
72299
-5061
-2235
9238
-2418
-1008
38779
7289
-5368
-5348
24899
89989
49359
23899
16039
-9652
15629
1438
31739
97479
-1912
88089
82159
40049
9872
6978
-542
77899
-8770
29079
82459
-7499
-3327
11739
-1927
397
46049
35949
-6376
42549
43619
67809
3969
36159
31239
5099
37049
24069
9147
60229
76739
60589
82069
64279
2322
56369
6939
70019
18159
-5618
94529
14699
4179
64759
9000
4355
9600
82829
6498
92749
73779
-3282
90299
-7397
59049
34659
-9107
5701
6542
-5810
42549
10889
42849
6049
6139
3047
997
-3228
47589
99669
2606
-8417
3879
11239
54879
8779
57019
8649
5597
62499
7050
7845
46079
7891
81189
89299
44969
26149
-3460
99509
-2322
71799
6021
-1937
15229
41659
2957
-8685
-4656
54619
49249
7386
3179
1536
68119
87839
76909
-7776
56959
11789
-3583
77499
3018
2356
63109
45289
89819
93569
58049
-2301
8505
1826
2220
93519
5604
37169
4139
2800
31319
83319
16109
-2245
-7818
4527
41049
30329
-9044
9389
71019
39829
97969
786
8949
12169
-2981
32799
2108
62129
41969
26589
8584
49469
-8604
84729
60059
7992
-4821
94669
24629
59779
1861
47419
8669
5794
8263
92089
31369
577
-176
4258
-1508
-6586
2568
99739
-8900
24079
61289
-44
-8551
4325
9274
7930
-7657
7424
-8302
5929
7074
4854
7469
2124
-7292
8708
38789
83119
61909
4465
78579
-6412
143
43839
8531
7123
-5668
7754
50659
6499
-9515
44749
-9495
7107
-9587
-6327
-3217
8959
7231
5703
41519
71109
8119
-1932
50089
9365
2199
64889
58069
79409
24049
12519
72079
2507
2921
97039
68039
31099
-4470
-5821
3850
-3362
8274
89319
58529
77679
2531
93069
7210
3047
93889
2732
-6675
20689
94569
79769
-5147
6435
3825
1119
59279
9908
2704
-4800
56209
28119
-9013
47659
22819
-9788
52459
75679
77899
98749
78809
2331
13749
65139
984
23039
5211
96449
-8464
51589
-2738
-1102
-9676
82339
2046
8120
28369
1536
-2156
44259
-8335
83019
10909
-4132
-4396
8632
9245
95339
2896
32139
-3860
-1167
16199
76969
7669
46999
68009
-8604
74959
87149
56609
9038
38019
8316
8189
37799
22199
84639
7454
-4668
-9658
3505
9832
9788
57509
28319
7979
77099
5590
26759
6575
-9762
78919
31789
-2022
-8411
75569
48239
-6187
1357
5149
3859
10609
97999
8858
24229
3144
3448
19309
7549
83439
52629
3906
4670
-187
-6389
16449
-9118
19169
-417
76509
9647
-107
59409
-2224
32549
15749
6524
9174
8607
6239
37669
21219
1951
42659
24109
3865
7997
30479
-1576
-6367
41359
94479
-8222
62469
5280
17839
21019
-4852
-3212
24329
56579
83039
63749
6179
5469
30449
-8233
6399
-3855
-4949
9444
259
92629
45239
-8186
82809
45949
-2858
-65
28909
11639
6503
-7804
19599
-4539
3374
6995
68129
-9642
-7564
82359
29419
61749
968
2052
4086
-7273
623
16189
-8932
5169
4599
10519
8435
92599
2188
4649
16189
-4279
28969
-4241
8789
5812
51149
8005
86569
8159
85769
7678
84839
-9838
70079
94119
5861
40659
58059
85879
1021
2974
45189
-2285
-7944
5156
477
99259
-1026
92039
2087
86919
48189
5917
10329
2535
24149
-504
5582
89349
47469
-594
10349
42029
82289
21629
97189
-3880
91719
78529
40029
-3077
5929
70579
-3934
-6393
63309
55919
22529
-4346
2127
-158
-7318
12799
41109
7884
3798
-585
6919
54299
40379
-1692
3713
8647
-9264
84779
51569
18589
48999
-1838
89
34899
6847
7165
55449
45529
201
-3527
-9813
86519
9727
9345
-2252
62269
27599
-7078
9148
8420
-2128
47129
82339
-9620
5227
-2835
97689
-5719
31469
-7559
-2624
5833
54699
85709
92829
45589
-2455
7839
3719
4199
-811
-6544
37279
6229
37869
70539
-5403
-6096
4155
62359
2190
76019
19629
4077
8343
-296
58479
6898
79369
-7778
53179
38919
-6394
73119
31179
70409
961
-3826
4613
94619
5269
68669
-4683
-5518
-1587
-200
2739
-9294
38679
-7311
1494
28769
35749
34469
12309
4790
-515
-358
1409
492
9049
-7442
32799
34459
24069
30649
-495
8109
-5949
-6109
4275
-7154
26769
37359
39789
28059
-6109
-8937
34379
79779
15799
-7012
68459
-5194
7733
56919
-4384
-8139
8614
78999
35099
5044
21959
4776
346
62359
4994
-9820
55779
54269
-8490
9944
38369
16889
81879
36909
65979
9814
16489
24859
-1569
82459
56319
24799
22709
-814
5279
14219
-1508
7006
-2627
5596
3259
47849
5592
31139
12689
67659
37219
5680
86539
7166
36109
-2708
2132
5059
81979
39579
28719
-1795
47219
-2994
-7109
3890
89689
-1887
-7840
14079
4057
-7719
8522
-5594
10139
45549
79839
7590
-3667
-2959
-3049
98369
17129
26709
909
58839
8606
4439
5221
-7728
146
6617
88999
28559
8989
8311
-9367
84419
-5386
4219
1166
70549
-5275
-4423
63449
8650
81849
90799
91629
-9309
24279
99829
-2135
80869
44939
71929
-5997
84189
54269
5874
22409
-8708
80259
-1053
21159
91839
1949
55679
4698
-8456
82459
9499
-2980
8385
8599
82569
5346
32969
-4464
37569
5439
-9201
46819
450
38079
6541
4349
-3570
-2424
3882
8781
78889
-9972
-5877
29739
15919
8746
91419
10549
84689
96719
4229
82319
57619
79719
80169
47449
8395
51629
-2083
78759
97009
44409
2739
93889
-9441
52439
87429
79669
1165
83549
-6674
2061
34859
40559
57389
76049
9245
8835
6999
-3549
44239
11719
9129
4189
-9641
-6766
298
5193
-2016
22079
-8671
1240
73339
19419
41169
4172
8108
-4816
43079
59159
33839
88359
92329
51689
73079
35799
-3516
-6109
25919
-728
51059
44769
54989
76629
27579
18669
5053
20299
-6027
4109
68039
92279
-2793
6588
42639
2339
8197
98069
98359
6754
2929
9318
34019
7622
5349
-3948
1269
51579
1309
96579
32459
93699
81089
86649
91659
-3690
73519
-7109
9397
9880
5307
23049
5486
-5065
2899
-2946
9243
77989
74879
49979
6173
93249
-749
6645
31429
35979
4291
-403
-7051
67089
5067
57039
88719
20959
-9302
5571
235
65259
7324
-8485
36509
85409
9910
-7795
5159
-3023
96209
1499
7776
2106
84369
-1577
90649
-6137
89079
33609
7361
39659
-3957
4989
-9306
35159
-2317
87389
-4269
6599
23599
70929
8459
-3721
72519
-8515
-1325
-1870
43819
3108
7882
64259
4875
2591
74459
1120
79729
-7095
-4206
8969
89999
-8555
22349
7829
-6635
774
5139
17559
95919
3686
73799
39309
7263
57839
55719
1693
-3779
2989
6099
63739
9933
-9053
7065
70509
6846
42859
74949
1190
80649
61109
-7290
-4951
86509
-1527
15069
9094
2610
9740
7035
84279
39519
3471
9047
62699
48289
31979
8069
-81
8879
-2321
7508
8744
83279
9167
9559
15779
8504
8268
12869
47089
68489
2026
5160
3846
76679
-3311
72989
-1374
-2182
86739
-7315
25699
25
8604
-6706
-2714
-5008
22699
22059
6859
84699
3980
98159
9069
80799
-8371
-9684
2421
-8957
1746
-4609
80959
86429
-8492
79709
72439
-7441
-6709
25059
97629
-302
-8888
66109
3488
34459
-8594
154
2650
47109
3672
92829
3066
58269
7026
4826
86499
7494
-2625
3385
13399
7325
7070
-668
84489
9239
9338
5500
-7322
25739
2779
99359
-6712
-8832
9797
-281
58599
1584
-144
-8719
89089
88969
66409
62519
9193
-4207
42359
97009
13139
34569
99729
6839
-6129
-3167
69489
2842
54859
9764
-4624
68129
77919
50589
45729
57129
72739
7471
9762
3921
22159
77909
19369
59029
-6881
23009
2750
-6747
2413
-2193
-3235
-9668
-5037
23889
-7405
953
80859
8950
7369
21899
31759
-4272
91239
-4852
83989
67239
73269
54479
92949
99809
869
7451
-6889
9814
-973
-5045
8290
72279
-3342
23029
92079
43109
68339
-5505
44409
-3091
6279
22939
8132
1102
3644
69749
6359
47029
-1661
54109
-7996
183
-6270
47069
65749
-8226
71419
-8684
93049
5610
-2662
-8485
9738
-3842
-6195
86019
51879
23029
39469
34039
-4336
24479
39159
2711
1658
69309
2039
1689
9799
25149
-6477
7957
71279
2649
97979
8628
95009
43109
50269
1952
710
26029
33439
6078
9430
70259
87219
51419
80239
3329
9548
66279
7834
54929
17709
-3054
6309
-1892
8243
69979
8325
-8520
6164
6199
21049
-8151
-9500
-5483
85949
56199
-1962
56049
44009
14599
87859
49869
2489
2967
75219
88199
67589
3749
9681
1382
4923
7839
-3141
-3716
15109
89219
99659
479
-7744
3233
98359
-3781
67309
-7656
20939
85499
8374
8735
30129
70299
7474
-863
16489
60249
-4649
88209
-2386
-8953
-9547
89659
67489
25539
2223
741
29549
7967
60999
94409
-6454
-3599
65439
16679
6271
2440
51669
23209
1393
86369
59229
3999
2092
5989
57
98879
9460
33779
17579
-6826
-6912
6442
1899
76949
1690
3572
42009
91099
29469
-1474
33979
67119
-3796
586
74579
-9895
71159
41019
3706
9432
-7148
18129
17319
7891
-9958
-8477
24579
-3668
9866
99639
42629
-9209
34699
33169
9709
41539
-9711
32729
-1787
99279
74039
3020
2266
79469
544
65979
-4762
23029
24859
8029
41229
-7388
-5733
-3798
-2139
-1753
37829
94539
97139
73319
1209
3583
-1243
48439
-1141
818
45119
153
-2838
5096
-5710
-923
563
28209
-5023
-2256
70709
35469
81429
2825
-7936
-4252
22429
26499
4071
2106
-7253
73669
34629
98409
92829
-7208
3274
-2088
6459
64259
8279
49839
-8886
36539
9169
13529
-6497
84479
62209
35639
5324
78579
-7157
39479
10639
381
6149
59729
718
3455
612
-9919
45529
8150
8553
34159
671
9795
-9556
68839
76929
39069
2089
27529
6099
6412
-4567
35549
1804
50919
3867
-7713
2887
11939
76989
941
66999
15079
-1246
4265
8907
-9302
69649
78569
5264
78359
84589
90379
82549
-964
-3404
99059
16899
85459
-5270
-5199
-6946
61399
9992
1879
9419
1897
13409
-3376
93569
93619
8832
90439
91979
24949
12589
-7106
21579
98859
97929
331
8073
94049
-7008
26329
47289
70609
-4623
95919
41159
-9499
34209
-3888
8688
-7812
13549
1028
-6861
5232
4020
5329
9658
63279
9296
43009
-5244
44519
67849
27919
-6375
20289
-9877
4608
42849
71409
17849
-3652
96869
-6541
56529
71819
-2187
3809
2199
87479
15959
1509
5398
3083
693
91369
8598
21879
8413
47369
39559
-5378
26589
80029
-2362
-5985
51349
-6429
47169
1482
-9611
54279
6372
8467
33639
4277
58699
-3889
4651
71859
57379
48249
6016
82229
636
14629
30909
-1308
-5624
5480
2732
70179
90719
-395
9444
-3201
59589
871
-7766
-7225
69719
63869
-8816
5058
-6817
6846
1793
17019
57549
40149
63489
9639
46569
55429
-7149
-5241
-266
72579
-3640
94389
68599
-9457
75009
25769
52239
9585
50249
10739
-6956
7959
5573
84079
-5401
-2651
3237
13189
-6488
8322
76689
-6221
28529
26149
94899
97979
-8404
13089
7789
1240
44749
62499
24699
2954
9849
83909
61129
-8872
4353
73039
-9785
73129
-8161
27989
66029
2900
77839
5275
-4112
35009
18789
59899
71309
46329
9359
-7115
34639
-3480
10069
-3314
35879
3574
56439
64209
-1710
39699
7835
79449
689
2949
77629
17799
-2955
5837
-4442
-3731
76179
97089
99019
58419
-7896
20259
-7244
17859
9182
12709
73649
54309
-7624
2408
57719
24079
7978
1356
7984
619
96569
4137
51069
2559
-8139
-488
18329
6940
70979
-8432
-2231
52979
63919
-6479
-3212
76019
1283
19139
-6259
-2577
99409
14969
17699
66879
-3670
1641
-8611
2324
81519
68009
33959
61589
82219
37279
-7059
6589
53989
-8204
2206
-2265
148
53209
6589
558
82429
68059
-9267
99679
5128
78999
3546
28439
14499
-3055
7166
3278
62309
-8920
65009
35819
41489
96469
-2320
-7939
42199
35889
4364
6460
1451
-8897
42369
8753
7078
-72
3728
21139
-7790
-6049
-5579
-66
35969
90229
23559
82909
-7866
-546
42599
73769
-8864
4371
11569
-8226
76649
44999
654
2376
5839
-546
-6463
2695
89559
-8058
11769
-2677
-3158
-9544
67879
63509
61799
-274
-9403
5147
97709
412
4071
50049
75469
73969
54869
75939
2893
79449
-9323
44999
55859
60819
68409
4729
-3798
13439
71939
69839
37939
85209
-7307
-8260
85059
-628
-3953
-8198
88819
-753
-3369
1659
5439
-749
4082
4168
2195
87899
-9070
60029
-9879
13749
2354
-9053
64419
-4425
-8753
-7091
-1875
54409
-4627
3409
3189
14709
75359
90409
6032
88199
46699
10909
3637
7957
7980
2383
11449
5639
2659
9518
-4275
1198
-3978
-6153
7399
-9627
1067
-1508
-4529
4183
7287
51659
91399
-1745
19099
19899
-4829
8952
77509
5286
12179
-1288
61479
59719
7401
-391
28609
-4924
4551
-6830
-9760
16659
89479
-2937
91969
81369
6244
-9179
9537
568
66209
8632
-5912
44809
3242
29539
89629
-6095
-8804
-2390
65769
5081
2578
74999
96139
3368
62929
-9162
29159
36139
25119
48579
8770
40539
6122
6869
39019
6199
4175
-6908
48219
65649
65029
-9691
60979
4939
-7881
-5071
32979
8229
-2320
73699
68009
-709
2789
-5731
94869
84509
30459
46049
-834
-7290
-7580
-8103
76759
4922
-251
7554
6106
69129
7046
54969
24119
7300
6660
62539
-4805
-8913
7992
52189
3351
75329
1482
15309
68439
27459
17039
51089
83119
46249
7689
44359
7909
666
2244
8719
1479
-2464
2552
73419
3842
1742
7333
70879
71529
3132
-566
9259
7903
8337
53939
-5331
46569
4859
76099
56679
226
-7044
50149
-7579
63309
85529
-4841
3667
11419
-1161
-7877
73689
6214
586
-20
6849
6809
45879
14459
-8962
2553
-5365
16329
52579
1382
-3087
90
-1652
-6936
6191
92849
-1676
-483
75139
76749
7660
-5800
82679
-2095
-2615
68349
-9396
74299
1519
3269
94859
88979
62279
35619
18959
4555
-7722
29879
69319
97299
69989
37149
298
-1175
7245
79659
96309
-814
8348
69459
78109
4795
48529
996
-8763
-7598
58489
17639
38859
67059
79389
72529
-3267
3153
-5553
-4454
6792
3449
-7633
4099
9188
1789
2103
88389
-390
29469
-1056
19569
89209
1539
15549
7672
-6991
58099
64959
9773
98209
-970
-9737
984
93399
81999
72109
-7565
-4732
8540
-2732
20899
18509
4512
-8077
54539
-2855
459
-8026
6797
82739
51229
-5498
67049
49389
6134
52769
73209
-6900
-4978
-3384
60719
58529
52069
2591
9901
39869
9724
44769
-845
16829
-1100
21019
2829
93559
36639
72129
6842
21079
20719
85259
47659
7858
4615
68939
88879
1384
-2499
2110
9871
22599
-5711
39709
-6604
-5360
80089
-105
74699
9479
-3577
13189
62259
-9743
-3057
89049
5519
97789
-8128
97959
46889
49099
-8918
-183
-3791
2639
94939
98929
35629
31499
3243
52489
9183
-7984
-8133
66689
-4743
99709
48839
-5086
7789
4449
-5427
99929
-6723
1589
5339
57279
3039
-5581
5530
8170
-9566
-5493
77269
5142
-7032
6976
24109
-4467
1693
42799
-8279
2315
7929
29339
-6222
80539
-6306
-2824
3238
93669
2519
-5738
46189
51019
-8150
96549
3409
19319
7774
75159
39989
55419
-7643
15989
37269
-8519
8377
11779
9586
81169
4259
95809
197
68669
-5631
23659
53159
9565
83119
54259
-5869
-1038
-6396
7967
5459
3099
44639
4967
55379
-8622
-1843
36759
6717
20789
3929
2299
4659
-847
92709
15
72939
-7046
1614
55249
1689
-7128
7034
16569
34049
-9816
87249
28229
64249
77339
86829
90239
-2277
8315
66559
-376
29769
-4249
46089
90099
-649
-9037
3905
-7919
6858
42739
5169
2886
11799
752
7720
56479
77529
29509
81989
91139
-5507
6057
65169
21979
-4572
42119
36299
3309
-4859
9718
-9506
-5562
2955
8215
-3764
90309
25329
3645
47989
1333
-9974
72939
82049
1911
-5871
4636
951
15779
-7256
-5777
41949
-1550
6358
2675
23129
47449
-9943
86609
-1434
-325
-5180
26019
43849
3555
76229
-1803
31569
2818
2579
-2044
-2802
80809
9639
-4346
-2209
2427
5676
-7121
89179
46459
6549
66529
-7294
14919
7909
14189
7099
90159
-5867
72909
-7013
-5121
10159
9077
2063
18709
-3671
6089
-4676
54419
6449
-9414
35429
8884
88909
26079
7034
18529
49119
22799
-4712
10829
25909
7097
1978
1442
4867
-2762
58159
45919
-1283
60179
19249
-2176
86039
4603
46489
7372
-2733
99929
31019
89039
9889
12859
79139
6801
27789
47209
12169
-6123
8389
-9198
-3110
3156
3925
-8815
-9765
1122
60229
6902
48419
21419
-8146
9284
26649
-7268
82749
36649
29869
41049
3686
4406
51879
96949
-3106
-3842
-5023
31969
4189
-1120
96859
-679
97969
75559
89339
-4913
6012
-7749
-8358
-8840
77709
-7947
61889
88979
-3865
25509
-9576
28289
80149
65059
3740
60099
70599
3933
-4521
35469
34839
55129
-676
-4983
-4827
4802
87299
88279
2313
9976
6760
1866
64939
8341
67229
-4009
-9575
3914
92309
-3773
39829
26979
91969
4212
82369
-1636
68849
33069
-2692
42279
2372
50789
-6477
5184
1834
5671
5389
96579
48739
5495
15809
-5556
83659
45449
56149
19429
80439
72359
2557
-8874
80859
19009
67509
94289
7996
1165
6243
-1579
90699
1729
20569
99539
-1677
-6143
-5533
46689
87639
7514
8283
-6330
7890
72459
68249
-250
-4978
45989
-2775
58779
6699
1345
3466
5725
4309
41659
70989
53149
65959
25299
-5980
-7286
37879
45389
-8881
-571
-6681
-9714
45789
77559
72919
69409
16799
-5646
13579
67599
5169
5601
59649
9089
65349
22979
59139
36339
99169
2171
8165
37419
21519
7339
23979
-7216
8664
9780
8680
-8377
8859
19869
-7535
21699
73579
20819
6129
19789
5135
23279
-9639
5772
92839
6987
18669
6743
-8670
8436
-3871
2181
67279
60849
31299
-8268
94879
40689
60139
48409
2224
2976
6820
6619
1089
246
39219
38219
21149
62419
4279
57559
58999
9099
22909
41139
44029
5789
-5486
52279
7854
2600
1854
-6659
44859
7912
-4928
18799
-7255
24099
4709
2494
-4109
33759
93739
7998
99709
61409
2277
-5007
59849
2361
76659
61509
7076
8299
38059
22469
88849
67869
-5803
-5741
8953
8748
85189
78969
29769
2628
-1269
68819
-3854
90949
40319
89499
40689
69379
68549
-7166
89189
-1855
77049
757
7725
-1230
-5171
63209
-4776
8117
13179
2469
-9831
-9660
71909
-6573
8767
17949
63
1910
34139
34009
8204
-8755
-9746
-9644
-9093
3197
69709
51419
8295
92399
-192
6845
63579
25519
-4742
-700
84049
1369
17909
70069
32969
58819
51419
44219
31679
77749
5431
49999
2330
22539
32979
-7123
37619
26989
3119
22009
40829
31769
-1255
5596
48449
-7245
77079
5389
47749
-4740
9417
-8944
31479
-9457
44059
92239
85019
72799
56299
30919
5230
-3701
1082
3728
4168
-5658
66449
6029
-8984
98919
-3359
76149
21479
7241
-3205
83179
-6670
2172
8068
-375
-5914
54029
39519
12279
7979
49979
36819
-488
72379
2388
28269
96289
9419
6509
15539
47589
8135
9017
568
29699
92869
501
-7976
93259
13329
6244
4001
24429
-4833
-43
4559
11989
-4002
7320
91819
-3848
82889
81069
71359
4439
-340
-1001
3537
63929
96309
6218
27519
92159
6934
15729
39
-9652
5071
-3437
4937
2273
-276
7621
68069
2723
3544
26389
85339
-9902
27019
2482
83989
4149
-2029
66509
-9235
8547
3311
22869
19029
-6120
8393
-3043
-4805
-5468
71069
-5124
-8929
7583
78179
86629
-5676
48039
9603
8009
50919
94899
-9735
-9369
67959
2159
-1433
4933
86609
-3310
-1552
82979
18249
3239
69249
10079
32759
96809
-1124
38859
-3935
-2208
60259
7428
4363
-4875
65259
-2728
3946
7225
13109
-463
96979
6321
79429
-3960
-9411
7085
5259
9383
47629
86269
2241
-8222
10229
57799
90979
-9375
5148
61659
1724
72509
4875
99649
9589
10969
79959
12539
-60
49599
43529
59939
8887
-3027
-2401
1319
91699
51299
4367
-4617
61189
4744
24679
29709
70019
69409
-1309
301
90599
31229
83039
-2169
4054
8526
31039
26489
7620
-9393
21999
16899
4569
-9180
8709
70769
9689
72859
15599
32369
-9409
67899
15879
22949
3590
30379
-4064
87749
